# words: 28285
# distinct words: 3095

Rank Word Occurrence Normalized Occurrence
1 you 1453.0 0.0514
2 i 1090.0 0.0385
3 to 849.0 0.03
4 the 498.0 0.0176
5 are 411.0 0.0145
6 is 334.0 0.0118
7 and 309.0 0.0109
8 me 301.0 0.0106
9 for 297.0 0.0105
10 at 291.0 0.0103
11 a 273.0 0.0097
12 my 262.0 0.0093
13 so 258.0 0.0091
14 can 256.0 0.0091
15 then 246.0 0.0087
16 go 238.0 0.0084
17 your 238.0 0.0084
18 im 236.0 0.0083
19 it 223.0 0.0079
20 not 221.0 0.0078
21 have 212.0 0.0075
22 dont 204.0 0.0072
23 ok 201.0 0.0071
24 want 190.0 0.0067
25 in 187.0 0.0066
26 what 185.0 0.0065
27 haha 183.0 0.0065
28 do 175.0 0.0062
29 hey 172.0 0.0061
30 going 170.0 0.006
31 of 160.0 0.0057
32 be 158.0 0.0056
33 that 154.0 0.0054
34 on 152.0 0.0054
35 now 152.0 0.0054
36 or 151.0 0.0053
37 but 149.0 0.0053
38 just 148.0 0.0052
39 will 146.0 0.0052
40 know 142.0 0.005
41 got 142.0 0.005
42 how 142.0 0.005
43 see 139.0 0.0049
44 with 139.0 0.0049
45 we 138.0 0.0049
46 time 137.0 0.0048
47 am 127.0 0.0045
48 already 125.0 0.0044
49 no 124.0 0.0044
50 if 121.0 0.0043
51 tomorrow 117.0 0.0041
52 think 114.0 0.004
53 hi 109.0 0.0039
54 its 103.0 0.0036
55 meet 100.0 0.0035
56 yes 100.0 0.0035
57 all 95.0 0.0034
58 good 91.0 0.0032
59 out 87.0 0.0031
60 there 86.0 0.003
61 because 84.0 0.003
62 okay 84.0 0.003
63 still 84.0 0.003
64 up 81.0 0.0029
65 one 81.0 0.0029
66 come 80.0 0.0028
67 where 80.0 0.0028
68 also 78.0 0.0028
69 call 78.0 0.0028
70 like 77.0 0.0027
71 when 77.0 0.0027
72 get 76.0 0.0027
73 ill 76.0 0.0027
74 too 76.0 0.0027
75 this 75.0 0.0027
76 about 74.0 0.0026
77 from 74.0 0.0026
78 oh 71.0 0.0025
79 home 69.0 0.0024
80 need 68.0 0.0024
81 back 68.0 0.0024
82 today 67.0 0.0024
83 very 66.0 0.0023
84 right 66.0 0.0023
85 later 63.0 0.0022
86 was 63.0 0.0022
87 why 63.0 0.0022
88 she 62.0 0.0022
89 take 62.0 0.0022
90 did 60.0 0.0021
91 ask 59.0 0.0021
92 day 57.0 0.002
93 only 56.0 0.002
94 free 55.0 0.0019
95 they 54.0 0.0019
96 buy 52.0 0.0018
97 really 52.0 0.0018
98 late 52.0 0.0018
99 thanks 52.0 0.0018
100 her 51.0 0.0018
101 around 51.0 0.0018
102 first 51.0 0.0018
103 night 50.0 0.0018
104 please 48.0 0.0017
105 he 47.0 0.0017
106 number 47.0 0.0017
107 never 47.0 0.0017
108 sorry 47.0 0.0017
109 doing 46.0 0.0016
110 by 46.0 0.0016
111 message 46.0 0.0016
112 school 45.0 0.0016
113 well 44.0 0.0016
114 more 44.0 0.0016
115 dinner 44.0 0.0016
116 after 43.0 0.0015
117 care 42.0 0.0015
118 hope 41.0 0.0014
119 maybe 40.0 0.0014
120 next 39.0 0.0014
121 chat 39.0 0.0014
122 as 39.0 0.0014
123 yet 39.0 0.0014
124 must 39.0 0.0014
125 way 38.0 0.0013
126 people 38.0 0.0013
127 cant 38.0 0.0013
128 havent 37.0 0.0013
129 help 37.0 0.0013
130 mind 37.0 0.0013
131 here 37.0 0.0013
132 hehe 36.0 0.0013
133 some 36.0 0.0013
134 coming 36.0 0.0013
135 working 36.0 0.0013
136 work 35.0 0.0012
137 didnt 34.0 0.0012
138 hello 34.0 0.0012
139 girl 34.0 0.0012
140 introduce 34.0 0.0012
141 bring 33.0 0.0012
142 any 33.0 0.0012
143 friend 33.0 0.0012
144 driving 33.0 0.0012
145 friends 32.0 0.0011
146 should 32.0 0.0011
147 anyway 32.0 0.0011
148 lecture 32.0 0.0011
149 2 32.0 0.0011
150 quite 32.0 0.0011
151 been 32.0 0.0011
152 make 32.0 0.0011
153 nice 31.0 0.0011
154 find 31.0 0.0011
155 soon 31.0 0.0011
156 having 31.0 0.0011
157 something 30.0 0.0011
158 long 30.0 0.0011
159 look 30.0 0.0011
160 say 30.0 0.0011
161 wait 30.0 0.0011
162 phone 30.0 0.0011
163 new 30.0 0.0011
164 thought 29.0 0.001
165 tonight 29.0 0.001
166 house 29.0 0.001
167 sure 29.0 0.001
168 anything 29.0 0.001
169 much 29.0 0.001
170 eat 28.0 0.001
171 again 28.0 0.001
172 an 28.0 0.001
173 place 28.0 0.001
174 reply 28.0 0.001
175 tell 28.0 0.001
176 enjoy 28.0 0.001
177 lunch 27.0 0.001
178 reach 27.0 0.001
179 early 27.0 0.001
180 week 27.0 0.001
181 had 26.0 0.0009
182 send 26.0 0.0009
183 birthday 26.0 0.0009
184 before 26.0 0.0009
185 off 25.0 0.0009
186 us 25.0 0.0009
187 watch 25.0 0.0009
188 who 24.0 0.0008
189 thats 24.0 0.0008
190 saturday 24.0 0.0008
191  24.0 0.0008
192 cut 23.0 0.0008
193 cannot 23.0 0.0008
194 wont 23.0 0.0008
195 love 23.0 0.0008
196 hmm 22.0 0.0008
197 outside 22.0 0.0008
198 lesson 22.0 0.0008
199 meeting 22.0 0.0008
200 course 22.0 0.0008
201 sigh 22.0 0.0008
202 happy 22.0 0.0008
203 give 22.0 0.0008
204 bus 21.0 0.0007
205 book 21.0 0.0007
206 our 21.0 0.0007
207 last 21.0 0.0007
208 wow 21.0 0.0007
209 feel 21.0 0.0007
210 show 21.0 0.0007
211 year 21.0 0.0007
212 change 21.0 0.0007
213 monday 20.0 0.0007
214 which 20.0 0.0007
215 bit 20.0 0.0007
216 friday 20.0 0.0007
217 orchard 20.0 0.0007
218 chinese 20.0 0.0007
219 same 20.0 0.0007
220 ive 20.0 0.0007
221 mrt 20.0 0.0007
222 12 20.0 0.0007
223 may 20.0 0.0007
224 has 20.0 0.0007
225 study 20.0 0.0007
226 sleep 20.0 0.0007
227 stay 19.0 0.0007
228 sister 19.0 0.0007
229 studying 19.0 0.0007
230 him 19.0 0.0007
231 3 19.0 0.0007
232 down 19.0 0.0007
233 whats 19.0 0.0007
234 went 19.0 0.0007
235 other 18.0 0.0006
236 hair 18.0 0.0006
237 stuff 18.0 0.0006
238 let 18.0 0.0006
239 try 18.0 0.0006
240 hows 18.0 0.0006
241 always 18.0 0.0006
242 huh 18.0 0.0006
243 yourself 18.0 0.0006
244 watching 18.0 0.0006
245 dear 18.0 0.0006
246 lots 18.0 0.0006
247 sms 18.0 0.0006
248 fun 17.0 0.0006
249 nothing 17.0 0.0006
250 science 17.0 0.0006
251 ah 17.0 0.0006
252 wants 17.0 0.0006
253 bought 17.0 0.0006
254 morning 17.0 0.0006
255 than 17.0 0.0006
256 bad 17.0 0.0006
257 days 17.0 0.0006
258 better 17.0 0.0006
259 handphone 17.0 0.0006
260 end 17.0 0.0006
261 few 16.0 0.0006
262 sweet 16.0 0.0006
263 thursday 16.0 0.0006
264 interested 16.0 0.0006
265 another 15.0 0.0005
266 1 15.0 0.0005
267 great 15.0 0.0005
268 done 15.0 0.0005
269 town 15.0 0.0005
270 enough 15.0 0.0005
271 laugh 15.0 0.0005
272 shopping 15.0 0.0005
273 shop 15.0 0.0005
274 online 15.0 0.0005
275 saw 15.0 0.0005
276 sad 15.0 0.0005
277 yun 15.0 0.0005
278 remember 15.0 0.0005
279 guys 15.0 0.0005
280 alone 15.0 0.0005
281 said 15.0 0.0005
282 busy 15.0 0.0005
283 dog 15.0 0.0005
284 hall 14.0 0.0005
285 job 14.0 0.0005
286 class 14.0 0.0005
287 use 14.0 0.0005
288 bored 14.0 0.0005
289 male 14.0 0.0005
290 6 14.0 0.0005
291 pass 14.0 0.0005
292 hee 14.0 0.0005
293 were 14.0 0.0005
294 anyone 14.0 0.0005
295 yeah 14.0 0.0005
296 sunday 14.0 0.0005
297 afternoon 14.0 0.0005
298 camp 14.0 0.0005
299 shall 14.0 0.0005
300 girls 14.0 0.0005
301 mean 14.0 0.0005
302 them 14.0 0.0005
303 lot 14.0 0.0005
304 evening 14.0 0.0005
305 would 14.0 0.0005
306 female 13.0 0.0005
307 far 13.0 0.0005
308 called 13.0 0.0005
309 big 13.0 0.0005
310 both 13.0 0.0005
311 movie 13.0 0.0005
312 fine 13.0 0.0005
313 put 13.0 0.0005
314 actually 13.0 0.0005
315 short 13.0 0.0005
316 money 13.0 0.0005
317 worry 13.0 0.0005
318 talk 13.0 0.0005
319 says 13.0 0.0005
320 together 13.0 0.0005
321 until 13.0 0.0005
322 life 13.0 0.0005
323 asked 13.0 0.0005
324 nus 13.0 0.0005
325 over 13.0 0.0005
326 told 13.0 0.0005
327 email 12.0 0.0004
328 computer 12.0 0.0004
329 hes 12.0 0.0004
330 university 12.0 0.0004
331 joey 12.0 0.0004
332 yesterday 12.0 0.0004
333 play 12.0 0.0004
334 hard 12.0 0.0004
335 might 12.0 0.0004
336 two 12.0 0.0004
337 pick 12.0 0.0004
338 5 12.0 0.0004
339 someone 12.0 0.0004
340 eating 12.0 0.0004
341 old 12.0 0.0004
342 left 12.0 0.0004
343 hand 12.0 0.0004
344 came 12.0 0.0004
345 mine 12.0 0.0004
346 xin 12.0 0.0004
347 room 12.0 0.0004
348 tired 12.0 0.0004
349 forget 12.0 0.0004
350 leona 11.0 0.0004
351 theres 11.0 0.0004
352 else 11.0 0.0004
353 probably 11.0 0.0004
354 guess 11.0 0.0004
355 darling 11.0 0.0004
356 everyone 11.0 0.0004
357 tv 11.0 0.0004
358 confirm 11.0 0.0004
359 rest 11.0 0.0004
360 finish 11.0 0.0004
361 pay 11.0 0.0004
362 those 11.0 0.0004
363 thing 11.0 0.0004
364 name 11.0 0.0004
365 thank 11.0 0.0004
366 leave 11.0 0.0004
367 photo 11.0 0.0004
368 youre 11.0 0.0004
369 things 11.0 0.0004
370 stop 11.0 0.0004
371 near 11.0 0.0004
372 project 11.0 0.0004
373 forgot 11.0 0.0004
374 wednesday 11.0 0.0004
375 cake 10.0 0.0004
376 reaching 10.0 0.0004
377 does 10.0 0.0004
378 taking 10.0 0.0004
379 reached 10.0 0.0004
380 bugis 10.0 0.0004
381 8 10.0 0.0004
382 miss 10.0 0.0004
383 25 10.0 0.0004
384 month 10.0 0.0004
385 4 10.0 0.0004
386 trip 10.0 0.0004
387 yup 10.0 0.0004
388 looking 10.0 0.0004
389 boy 10.0 0.0004
390 dance 10.0 0.0004
391 test 10.0 0.0004
392 check 10.0 0.0004
393 possible 10.0 0.0004
394 break 10.0 0.0004
395 keep 10.0 0.0004
396 blue 10.0 0.0004
397 getting 9.0 0.0003
398 drink 9.0 0.0003
399 finished 9.0 0.0003
400 ben 9.0 0.0003
401 dad 9.0 0.0003
402 his 9.0 0.0003
403 into 9.0 0.0003
404 parents 9.0 0.0003
405 understand 9.0 0.0003
406 damn 9.0 0.0003
407 found 9.0 0.0003
408 food 9.0 0.0003
409 sleeping 9.0 0.0003
410 wake 9.0 0.0003
411 save 9.0 0.0003
412 many 9.0 0.0003
413 seat 9.0 0.0003
414 10 9.0 0.0003
415 little 9.0 0.0003
416 till 9.0 0.0003
417 along 9.0 0.0003
418 shuhui 9.0 0.0003
419 months 9.0 0.0003
420 talking 9.0 0.0003
421 dreams 9.0 0.0003
422 yours 9.0 0.0003
423 wanted 9.0 0.0003
424 join 9.0 0.0003
425 elaine 8.0 0.0003
426 wish 8.0 0.0003
427 2pm 8.0 0.0003
428 jos 8.0 0.0003
429 ends 8.0 0.0003
430 exercise 8.0 0.0003
431 notes 8.0 0.0003
432 leaving 8.0 0.0003
433 most 8.0 0.0003
434 part 8.0 0.0003
435 park 8.0 0.0003
436 7 8.0 0.0003
437 hour 8.0 0.0003
438 luck 8.0 0.0003
439 thinking 8.0 0.0003
440 boyfriend 8.0 0.0003
441 bishan 8.0 0.0003
442 eh 8.0 0.0003
443 cute 8.0 0.0003
444 pink 8.0 0.0003
445 car 8.0 0.0003
446 sign 8.0 0.0003
447 guy 8.0 0.0003
448 daddy 8.0 0.0003
449 plus 8.0 0.0003
450 tutorial 8.0 0.0003
451 mum 8.0 0.0003
452 feeling 8.0 0.0003
453 weeks 8.0 0.0003
454 office 8.0 0.0003
455 minutes 7.0 0.0002
456 whether 7.0 0.0002
457 made 7.0 0.0002
458 hm 7.0 0.0002
459 doesnt 7.0 0.0002
460 seats 7.0 0.0002
461 present 7.0 0.0002
462 table 7.0 0.0002
463 tuesday 7.0 0.0002
464 exam 7.0 0.0002
465 means 7.0 0.0002
466 text 7.0 0.0002
467 able 7.0 0.0002
468 bed 7.0 0.0002
469 start 7.0 0.0002
470 kiss 7.0 0.0002
471 fetch 7.0 0.0002
472 account 7.0 0.0002
473 started 7.0 0.0002
474 lea 7.0 0.0002
475 once 7.0 0.0002
476 funny 7.0 0.0002
477 while 7.0 0.0002
478 pm 7.0 0.0002
479 whole 7.0 0.0002
480 kind 7.0 0.0002
481 introduction 7.0 0.0002
482 weight 7.0 0.0002
483 through 7.0 0.0002
484 case 7.0 0.0002
485 u 7.0 0.0002
486 important 7.0 0.0002
487 trying 7.0 0.0002
488 real 7.0 0.0002
489 without 7.0 0.0002
490 singapore 7.0 0.0002
491 coffee 7.0 0.0002
492 photos 7.0 0.0002
493 open 7.0 0.0002
494 earlier 7.0 0.0002
495 en 7.0 0.0002
496 half 7.0 0.0002
497 suntec 7.0 0.0002
498 crazy 7.0 0.0002
499 exams 7.0 0.0002
500 die 7.0 0.0002
501 papers 7.0 0.0002
502 shit 7.0 0.0002
503 asking 7.0 0.0002
504 everything 7.0 0.0002
505 rain 7.0 0.0002
506 boring 7.0 0.0002
507 lessons 7.0 0.0002
508 close 7.0 0.0002
509 wrong 7.0 0.0002
510 confirmed 7.0 0.0002
511 changed 7.0 0.0002
512 raining 7.0 0.0002
513 june 6.0 0.0002
514 sick 6.0 0.0002
515 problem 6.0 0.0002
516 whos 6.0 0.0002
517 oops 6.0 0.0002
518 bucks 6.0 0.0002
519 walk 6.0 0.0002
520 sounds 6.0 0.0002
521 nearer 6.0 0.0002
522 centre 6.0 0.0002
523 cause 6.0 0.0002
524 choose 6.0 0.0002
525 li 6.0 0.0002
526 instead 6.0 0.0002
527 sit 6.0 0.0002
528 baby 6.0 0.0002
529 sentosa 6.0 0.0002
530 waiting 6.0 0.0002
531 ago 6.0 0.0002
532 line 6.0 0.0002
533 australia 6.0 0.0002
534 person 6.0 0.0002
535 woke 6.0 0.0002
536 point 6.0 0.0002
537 recently 6.0 0.0002
538 during 6.0 0.0002
539 pretty 6.0 0.0002
540 paper 6.0 0.0002
541 replied 6.0 0.0002
542 faint 6.0 0.0002
543 airport 6.0 0.0002
544 sun 6.0 0.0002
545 decide 6.0 0.0002
546 weekend 6.0 0.0002
547 central 6.0 0.0002
548 canteen 6.0 0.0002
549 using 6.0 0.0002
550 amk 6.0 0.0002
551 jobs 6.0 0.0002
552 gee 6.0 0.0002
553 price 6.0 0.0002
554 theatre 6.0 0.0002
555 angel 6.0 0.0002
556 15 6.0 0.0002
557 11 6.0 0.0002
558 cheese 6.0 0.0002
559 er 6.0 0.0002
560 prefer 6.0 0.0002
561 drinks 6.0 0.0002
562 choice 6.0 0.0002
563 roy 6.0 0.0002
564 inside 6.0 0.0002
565 nevermind 6.0 0.0002
566 catch 6.0 0.0002
567 asks 6.0 0.0002
568 news 6.0 0.0002
569 even 6.0 0.0002
570 each 6.0 0.0002
571 disturb 6.0 0.0002
572 answer 6.0 0.0002
573 tickets 6.0 0.0002
574 chance 5.0 0.0002
575 sharis 5.0 0.0002
576 shes 5.0 0.0002
577 less 5.0 0.0002
578 almost 5.0 0.0002
579 barbeque 5.0 0.0002
580 module 5.0 0.0002
581 lazy 5.0 0.0002
582 ones 5.0 0.0002
583 face 5.0 0.0002
584 depends 5.0 0.0002
585 july 5.0 0.0002
586 waitress 5.0 0.0002
587 could 5.0 0.0002
588 weather 5.0 0.0002
589 heard 5.0 0.0002
590 1245 5.0 0.0002
591 30 5.0 0.0002
592 body 5.0 0.0002
593 weiyi 5.0 0.0002
594 sent 5.0 0.0002
595 kate 5.0 0.0002
596 question 5.0 0.0002
597 per 5.0 0.0002
598 collect 5.0 0.0002
599 game 5.0 0.0002
600 used 5.0 0.0002
601 sending 5.0 0.0002
602 expensive 5.0 0.0002
603 nope 5.0 0.0002
604 cheaper 5.0 0.0002
605 mobile 5.0 0.0002
606 station 5.0 0.0002
607 pub 5.0 0.0002
608 since 5.0 0.0002
609 missed 5.0 0.0002
610 20 5.0 0.0002
611 anytime 5.0 0.0002
612 learn 5.0 0.0002
613 family 5.0 0.0002
614 hours 5.0 0.0002
615 past 5.0 0.0002
616 small 5.0 0.0002
617 alright 5.0 0.0002
618 outing 5.0 0.0002
619 buying 5.0 0.0002
620 millian 5.0 0.0002
621 stars 5.0 0.0002
622 business 5.0 0.0002
623 mom 5.0 0.0002
624 taxi 5.0 0.0002
625 myself 5.0 0.0002
626 quiet 5.0 0.0002
627 asleep 5.0 0.0002
628 stupid 5.0 0.0002
629 celebrate 5.0 0.0002
630 dye 5.0 0.0002
631 behind 5.0 0.0002
632 breakfast 5.0 0.0002
633 sailing 5.0 0.0002
634 xy 5.0 0.0002
635 card 5.0 0.0002
636 discuss 5.0 0.0002
637 interview 5.0 0.0002
638 hot 5.0 0.0002
639 interesting 5.0 0.0002
640 man 5.0 0.0002
641 staying 5.0 0.0002
642 club 5.0 0.0002
643 msn 5.0 0.0002
644 sports 5.0 0.0002
645 address 5.0 0.0002
646 cool 5.0 0.0002
647 drive 5.0 0.0002
648 true 5.0 0.0002
649 head 5.0 0.0002
650 slightly 5.0 0.0002
651 east 5.0 0.0002
652 laptop 5.0 0.0002
653 mother 5.0 0.0002
654 saying 5.0 0.0002
655 seen 5.0 0.0002
656 matter 5.0 0.0002
657 took 5.0 0.0002
658 starts 5.0 0.0002
659 wine 5.0 0.0002
660 violyn 5.0 0.0002
661 honey 5.0 0.0002
662 total 5.0 0.0002
663 tight 4.0 0.0001
664 details 4.0 0.0001
665 730 4.0 0.0001
666 yiyun 4.0 0.0001
667 library 4.0 0.0001
668 lose 4.0 0.0001
669 lost 4.0 0.0001
670 add 4.0 0.0001
671 colour 4.0 0.0001
672 student 4.0 0.0001
673 treat 4.0 0.0001
674 turn 4.0 0.0001
675 slack 4.0 0.0001
676 payoh 4.0 0.0001
677 times 4.0 0.0001
678 jeff 4.0 0.0001
679 books 4.0 0.0001
680 wawa 4.0 0.0001
681 bathing 4.0 0.0001
682 light 4.0 0.0001
683 babe 4.0 0.0001
684 win 4.0 0.0001
685 35 4.0 0.0001
686 chose 4.0 0.0001
687 age 4.0 0.0001
688 engineering 4.0 0.0001
689 supervisor 4.0 0.0001
690 statistics 4.0 0.0001
691 run 4.0 0.0001
692 though 4.0 0.0001
693 boez 4.0 0.0001
694 anymore 4.0 0.0001
695 rin 4.0 0.0001
696 receive 4.0 0.0001
697 except 4.0 0.0001
698 whatever 4.0 0.0001
699 10am 4.0 0.0001
700 english 4.0 0.0001
701 gym 4.0 0.0001
702 toa 4.0 0.0001
703 believe 4.0 0.0001
704 selling 4.0 0.0001
705 bash 4.0 0.0001
706 soccer 4.0 0.0001
707 isnt 4.0 0.0001
708 playing 4.0 0.0001
709 slacking 4.0 0.0001
710 algebra 4.0 0.0001
711 hurry 4.0 0.0001
712 company 4.0 0.0001
713 tester 4.0 0.0001
714 knows 4.0 0.0001
715 semester 4.0 0.0001
716 ranger 4.0 0.0001
717 answers 4.0 0.0001
718 calls 4.0 0.0001
719 booked 4.0 0.0001
720 building 4.0 0.0001
721 600 4.0 0.0001
722 rush 4.0 0.0001
723 mich 4.0 0.0001
724 stand 4.0 0.0001
725 moon 4.0 0.0001
726 seems 4.0 0.0001
727 being 4.0 0.0001
728 different 4.0 0.0001
729 somebody 4.0 0.0001
730 yijue 4.0 0.0001
731 amore 4.0 0.0001
732 spore 4.0 0.0001
733 borrow 4.0 0.0001
734 gen 4.0 0.0001
735 ger 4.0 0.0001
736 either 4.0 0.0001
737 corner 4.0 0.0001
738 walking 4.0 0.0001
739 keeps 4.0 0.0001
740 normal 4.0 0.0001
741 taka 4.0 0.0001
742 hug 4.0 0.0001
743 slept 4.0 0.0001
744 theory 4.0 0.0001
745 james 4.0 0.0001
746 term 4.0 0.0001
747 years 4.0 0.0001
748 mango 4.0 0.0001
749 st 4.0 0.0001
750 nemo 4.0 0.0001
751 heart 4.0 0.0001
752 making 4.0 0.0001
753 malay 4.0 0.0001
754 everybody 4.0 0.0001
755 goes 4.0 0.0001
756 brother 4.0 0.0001
757 ouch 4.0 0.0001
758 faster 4.0 0.0001
759 died 4.0 0.0001
760 picture 4.0 0.0001
761 kaiez 4.0 0.0001
762 attached 4.0 0.0001
763 flying 4.0 0.0001
764 dollars 4.0 0.0001
765 discount 4.0 0.0001
766 icq 4.0 0.0001
767 nydc 4.0 0.0001
768 contact 4.0 0.0001
769 applied 4.0 0.0001
770 website 4.0 0.0001
771 lovely 4.0 0.0001
772 speak 4.0 0.0001
773 2nd 4.0 0.0001
774 best 4.0 0.0001
775 bag 4.0 0.0001
776 lady 4.0 0.0001
777 weekends 4.0 0.0001
778 0166305681 4.0 0.0001
779 kreen 4.0 0.0001
780 messages 4.0 0.0001
781 checked 4.0 0.0001
782 linear 4.0 0.0001
783 xf 4.0 0.0001
784 somewhere 4.0 0.0001
785 lab 4.0 0.0001
786 award 4.0 0.0001
787 type 4.0 0.0001
788 bangkok 4.0 0.0001
789 hmmm 4.0 0.0001
790 clothes 4.0 0.0001
791 bringing 4.0 0.0001
792 j 3.0 0.0001
793 brand 3.0 0.0001
794 couldnt 3.0 0.0001
795 promise 3.0 0.0001
796 own 3.0 0.0001
797 repair 3.0 0.0001
798 stuffs 3.0 0.0001
799 scared 3.0 0.0001
800 password 3.0 0.0001
801 queensway 3.0 0.0001
802 wet 3.0 0.0001
803 keen 3.0 0.0001
804 paul 3.0 0.0001
805 taller 3.0 0.0001
806 xyan 3.0 0.0001
807 cream 3.0 0.0001
808 party 3.0 0.0001
809 waste 3.0 0.0001
810 sars 3.0 0.0001
811 toilet 3.0 0.0001
812 group 3.0 0.0001
813 joe 3.0 0.0001
814 kl 3.0 0.0001
815 calling 3.0 0.0001
816 local 3.0 0.0001
817 tape 3.0 0.0001
818 gelek 3.0 0.0001
819 unless 3.0 0.0001
820 bother 3.0 0.0001
821 chong 3.0 0.0001
822 shell 3.0 0.0001
823 monkey 3.0 0.0001
824 bitch 3.0 0.0001
825 4th 3.0 0.0001
826 anyhow 3.0 0.0001
827 ecp 3.0 0.0001
828 twice 3.0 0.0001
829 special 3.0 0.0001
830 telemarketer 3.0 0.0001
831 holiday 3.0 0.0001
832 looks 3.0 0.0001
833 130 3.0 0.0001
834 move 3.0 0.0001
835 act 3.0 0.0001
836 obvious 3.0 0.0001
837 anywhere 3.0 0.0001
838 apply 3.0 0.0001
839 frame 3.0 0.0001
840 mahjong 3.0 0.0001
841 330 3.0 0.0001
842 yck 3.0 0.0001
843 booth 3.0 0.0001
844 ryan 3.0 0.0001
845 drinking 3.0 0.0001
846 xinyi 3.0 0.0001
847 points 3.0 0.0001
848 forward 3.0 0.0001
849 spending 3.0 0.0001
850 seeing 3.0 0.0001
851 block 3.0 0.0001
852 page 3.0 0.0001
853 mimi40 3.0 0.0001
854 nose 3.0 0.0001
855 temple 3.0 0.0001
856 unlimited 3.0 0.0001
857 bid 3.0 0.0001
858 location 3.0 0.0001
859 rebecca 3.0 0.0001
860 questions 3.0 0.0001
861 spend 3.0 0.0001
862 corinna 3.0 0.0001
863 double 3.0 0.0001
864 anybody 3.0 0.0001
865 moment 3.0 0.0001
866 9 3.0 0.0001
867 straight 3.0 0.0001
868 likes 3.0 0.0001
869 pete 3.0 0.0001
870 naughty 3.0 0.0001
871 kb 3.0 0.0001
872 eaten 3.0 0.0001
873 plan 3.0 0.0001
874 finding 3.0 0.0001
875 sell 3.0 0.0001
876 supposed 3.0 0.0001
877 gotten 3.0 0.0001
878 jordan 3.0 0.0001
879 hotel 3.0 0.0001
880 least 3.0 0.0001
881 major 3.0 0.0001
882 evaluation 3.0 0.0001
883 print 3.0 0.0001
884 idea 3.0 0.0001
885 ya 3.0 0.0001
886 return 3.0 0.0001
887 22 3.0 0.0001
888 26 3.0 0.0001
889 24 3.0 0.0001
890 crowded 3.0 0.0001
891 embarrassing 3.0 0.0001
892 beautiful 3.0 0.0001
893 taken 3.0 0.0001
894 onwards 3.0 0.0001
895 cookies 3.0 0.0001
896 fall 3.0 0.0001
897 presentation 3.0 0.0001
898 smile 3.0 0.0001
899 field 3.0 0.0001
900 hasnt 3.0 0.0001
901 watched 3.0 0.0001
902 taste 3.0 0.0001
903 area 3.0 0.0001
904 tuition 3.0 0.0001
905 vivian 3.0 0.0001
906 felt 3.0 0.0001
907 esplanade 3.0 0.0001
908 revision 3.0 0.0001
909 lets 3.0 0.0001
910 speed 3.0 0.0001
911 fion 3.0 0.0001
912 cheers 3.0 0.0001
913 driver 3.0 0.0001
914 cash 3.0 0.0001
915 these 3.0 0.0001
916 chalet 3.0 0.0001
917 west 3.0 0.0001
918 ordered 3.0 0.0001
919 jeans 3.0 0.0001
920 duty 3.0 0.0001
921 august 3.0 0.0001
922 between 3.0 0.0001
923 cheap 3.0 0.0001
924 hear 3.0 0.0001
925 college 3.0 0.0001
926 18 3.0 0.0001
927 eyes 3.0 0.0001
928 size 3.0 0.0001
929 fast 3.0 0.0001
930 advance 3.0 0.0001
931 space 3.0 0.0001
932 worried 3.0 0.0001
933 yeap 3.0 0.0001
934 mail 3.0 0.0001
935 date 3.0 0.0001
936 230 3.0 0.0001
937 yoghurt 3.0 0.0001
938 wondering 3.0 0.0001
939 angry 3.0 0.0001
940 inauguration 3.0 0.0001
941 quick 3.0 0.0001
942 settle 3.0 0.0001
943 wisma 3.0 0.0001
944 charge 3.0 0.0001
945 row 3.0 0.0001
946 skin 3.0 0.0001
947 ron 3.0 0.0001
948 managed 3.0 0.0001
949 intend 3.0 0.0001
950 relax 3.0 0.0001
951 dying 3.0 0.0001
952 sometime 3.0 0.0001
953 computing 3.0 0.0001
954 gorgeous 3.0 0.0001
955 offer 3.0 0.0001
956 form 3.0 0.0001
957 wah 3.0 0.0001
958 mambo 3.0 0.0001
959 bath 3.0 0.0001
960 lien 3.0 0.0001
961 soc 3.0 0.0001
962 super 3.0 0.0001
963 post 3.0 0.0001
964 cultural 3.0 0.0001
965 yea 3.0 0.0001
966 telephone 3.0 0.0001
967 bottles 3.0 0.0001
968 ic 3.0 0.0001
969 interest 3.0 0.0001
970 toni 3.0 0.0001
971 login 3.0 0.0001
972 wear 3.0 0.0001
973 rushing 3.0 0.0001
974 decided 3.0 0.0001
975 goodnight 3.0 0.0001
976 report 3.0 0.0001
977 serangoon 3.0 0.0001
978 reserve 3.0 0.0001
979 okie 3.0 0.0001
980 service 3.0 0.0001
981 loud 3.0 0.0001
982 iceman 3.0 0.0001
983 lousy 3.0 0.0001
984 240 3.0 0.0001
985 solution 3.0 0.0001
986 smu 3.0 0.0001
987 bread 3.0 0.0001
988 beach 3.0 0.0001
989 eng 3.0 0.0001
990 mo 3.0 0.0001
991 army 3.0 0.0001
992 brought 3.0 0.0001
993 kids 3.0 0.0001
994 ever 3.0 0.0001
995 blur 3.0 0.0001
996 upload 3.0 0.0001
997 worth 3.0 0.0001
998 four 3.0 0.0001
999 whoops 3.0 0.0001
1000 shufen 2.0 0.0001
1001 ubi 2.0 0.0001
1002 lsm 2.0 0.0001
1003 happen 2.0 0.0001
1004 goodness 2.0 0.0001
1005 pig 2.0 0.0001
1006 record 2.0 0.0001
1007 ha 2.0 0.0001
1008 bitches 2.0 0.0001
1009 swimming 2.0 0.0001
1010 hwa 2.0 0.0001
1011 concentrate 2.0 0.0001
1012 ring 2.0 0.0001
1013 pants 2.0 0.0001
1014 tests 2.0 0.0001
1015 battery 2.0 0.0001
1016 wei 2.0 0.0001
1017 mistakes 2.0 0.0001
1018 accurate 2.0 0.0001
1019 realised 2.0 0.0001
1020 center 2.0 0.0001
1021 ikea 2.0 0.0001
1022 member 2.0 0.0001
1023 malays 2.0 0.0001
1024 intro 2.0 0.0001
1025 sultan 2.0 0.0001
1026 plain 2.0 0.0001
1027 bye 2.0 0.0001
1028 1200 2.0 0.0001
1029 suggested 2.0 0.0001
1030 bbq 2.0 0.0001
1031 freak 2.0 0.0001
1032 tutor 2.0 0.0001
1033 yay 2.0 0.0001
1034 pouring 2.0 0.0001
1035 cc 2.0 0.0001
1036 otherwise 2.0 0.0001
1037 etc 2.0 0.0001
1038 instant 2.0 0.0001
1039 jog 2.0 0.0001
1040 zouk 2.0 0.0001
1041 ken 2.0 0.0001
1042 youll 2.0 0.0001
1043 closed 2.0 0.0001
1044 state 2.0 0.0001
1045 national 2.0 0.0001
1046 married 2.0 0.0001
1047 meant 2.0 0.0001
1048 belated 2.0 0.0001
1049 jam 2.0 0.0001
1050 terminal 2.0 0.0001
1051 5pm 2.0 0.0001
1052 longer 2.0 0.0001
1053 chicken 2.0 0.0001
1054 planning 2.0 0.0001
1055 painting 2.0 0.0001
1056 coke 2.0 0.0001
1057 julias 2.0 0.0001
1058 wakey 2.0 0.0001
1059 clip 2.0 0.0001
1060 collecting 2.0 0.0001
1061 result 2.0 0.0001
1062 bet 2.0 0.0001
1063 exactly 2.0 0.0001
1064 accompany 2.0 0.0001
1065 their 2.0 0.0001
1066 yins 2.0 0.0001
1067 reaches 2.0 0.0001
1068 jigsaw 2.0 0.0001
1069 timer 2.0 0.0001
1070 prepare 2.0 0.0001
1071 scary 2.0 0.0001
1072 reb 2.0 0.0001
1073 mate 2.0 0.0001
1074 tents 2.0 0.0001
1075 lectures 2.0 0.0001
1076 glasses 2.0 0.0001
1077 truth 2.0 0.0001
1078 ntuc 2.0 0.0001
1079 shy 2.0 0.0001
1080 lt 2.0 0.0001
1081 childrens 2.0 0.0001
1082 punggol 2.0 0.0001
1083 coast 2.0 0.0001
1084 bluff 2.0 0.0001
1085 farm 2.0 0.0001
1086 kiat 2.0 0.0001
1087 snacks 2.0 0.0001
1088 parkway 2.0 0.0001
1089 pieces 2.0 0.0001
1090 32 2.0 0.0001
1091 440 2.0 0.0001
1092 exchange 2.0 0.0001
1093 paying 2.0 0.0001
1094 poke 2.0 0.0001
1095 race 2.0 0.0001
1096 gender 2.0 0.0001
1097 accuse 2.0 0.0001
1098 dessert 2.0 0.0001
1099 rag 2.0 0.0001
1100 anyting 2.0 0.0001
1101 young 2.0 0.0001
1102 simon 2.0 0.0001
1103 gang 2.0 0.0001
1104 enjoyable 2.0 0.0001
1105 results 2.0 0.0001
1106 tpy 2.0 0.0001
1107 maldives 2.0 0.0001
1108 pilates 2.0 0.0001
1109 helping 2.0 0.0001
1110 problems 2.0 0.0001
1111 lend 2.0 0.0001
1112 nap 2.0 0.0001
1113 borburn 2.0 0.0001
1114 0165460953 2.0 0.0001
1115 clementi 2.0 0.0001
1116 package 2.0 0.0001
1117 utt 2.0 0.0001
1118 windows 2.0 0.0001
1119 stalking 2.0 0.0001
1120 vacancies 2.0 0.0001
1121 link 2.0 0.0001
1122 properly 2.0 0.0001
1123 registered 2.0 0.0001
1124 letter 2.0 0.0001
1125 plaza 2.0 0.0001
1126 crap 2.0 0.0001
1127 remembered 2.0 0.0001
1128 taxing 2.0 0.0001
1129 cgi 2.0 0.0001
1130 decision 2.0 0.0001
1131 curious 2.0 0.0001
1132 cd 2.0 0.0001
1133 fathers 2.0 0.0001
1134 popular 2.0 0.0001
1135 continue 2.0 0.0001
1136 ignore 2.0 0.0001
1137 tiring 2.0 0.0001
1138 indonesian 2.0 0.0001
1139 administrative 2.0 0.0001
1140 holidays 2.0 0.0001
1141 lenient 2.0 0.0001
1142 fetching 2.0 0.0001
1143 ric 2.0 0.0001
1144 guide 2.0 0.0001
1145 bill 2.0 0.0001
1146 instructor 2.0 0.0001
1147 bidding 2.0 0.0001
1148 fire 2.0 0.0001
1149 resting 2.0 0.0001
1150 collected 2.0 0.0001
1151 hitting 2.0 0.0001
1152 village 2.0 0.0001
1153 nicer 2.0 0.0001
1154 restaurant 2.0 0.0001
1155 missing 2.0 0.0001
1156 won 2.0 0.0001
1157 set 2.0 0.0001
1158 activity 2.0 0.0001
1159 pubbing 2.0 0.0001
1160 sunny 2.0 0.0001
1161 hotmail 2.0 0.0001
1162 heavily 2.0 0.0001
1163 session 2.0 0.0001
1164 golf 2.0 0.0001
1165 lying 2.0 0.0001
1166 clear 2.0 0.0001
1167 dancing 2.0 0.0001
1168 relationship 2.0 0.0001
1169 store 2.0 0.0001
1170 roadshow 2.0 0.0001
1171 passed 2.0 0.0001
1172 180 2.0 0.0001
1173 interviews 2.0 0.0001
1174 sisters 2.0 0.0001
1175 feed 2.0 0.0001
1176 mangosteen 2.0 0.0001
1177 houses 2.0 0.0001
1178 sbs 2.0 0.0001
1179 insurance 2.0 0.0001
1180 connect 2.0 0.0001
1181 fish 2.0 0.0001
1182 heavy 2.0 0.0001
1183 submit 2.0 0.0001
1184 wash 2.0 0.0001
1185 sale 2.0 0.0001
1186 23 2.0 0.0001
1187 replies 2.0 0.0001
1188 dream 2.0 0.0001
1189 pleasure 2.0 0.0001
1190 fundamental 2.0 0.0001
1191 blood 2.0 0.0001
1192 hugs 2.0 0.0001
1193 stayed 2.0 0.0001
1194 rather 2.0 0.0001
1195 needs 2.0 0.0001
1196 information 2.0 0.0001
1197 numbers 2.0 0.0001
1198 tuas 2.0 0.0001
1199 sucks 2.0 0.0001
1200 broke 2.0 0.0001
1201 stick 2.0 0.0001
1202 suddenly 2.0 0.0001
1203 heartbroken 2.0 0.0001
1204 hamster 2.0 0.0001
1205 ahead 2.0 0.0001
1206 search 2.0 0.0001
1207 vet 2.0 0.0001
1208 public 2.0 0.0001
1209 resume 2.0 0.0001
1210 sub 2.0 0.0001
1211 juice 2.0 0.0001
1212 ter 2.0 0.0001
1213 further 2.0 0.0001
1214 fat 2.0 0.0001
1215 tent 2.0 0.0001
1216 sitting 2.0 0.0001
1217 enjoying 2.0 0.0001
1218 apartment 2.0 0.0001
1219 follow 2.0 0.0001
1220 petey 2.0 0.0001
1221 starting 2.0 0.0001
1222 overseas 2.0 0.0001
1223 god 2.0 0.0001
1224 cpf 2.0 0.0001
1225 pool 2.0 0.0001
1226 stocks 2.0 0.0001
1227 poor 2.0 0.0001
1228 deserve 2.0 0.0001
1229 cooked 2.0 0.0001
1230 october 2.0 0.0001
1231 jun 2.0 0.0001
1232 complete 2.0 0.0001
1233 lou 2.0 0.0001
1234 low 2.0 0.0001
1235 darren 2.0 0.0001
1236 youd 2.0 0.0001
1237 chop 2.0 0.0001
1238 fringe 2.0 0.0001
1239 og 2.0 0.0001
1240 giggle 2.0 0.0001
1241 mood 2.0 0.0001
1242 thinks 2.0 0.0001
1243 joan 2.0 0.0001
1244 joking 2.0 0.0001
1245 t 2.0 0.0001
1246 emicakes 2.0 0.0001
1247 dare 2.0 0.0001
1248 read 2.0 0.0001
1249 kill 2.0 0.0001
1250 nesh 2.0 0.0001
1251 faculty 2.0 0.0001
1252 tried 2.0 0.0001
1253 april 2.0 0.0001
1254 yo 2.0 0.0001
1255 everyday 2.0 0.0001
1256 orientation 2.0 0.0001
1257 deckie 2.0 0.0001
1258 shops 2.0 0.0001
1259 situation 2.0 0.0001
1260 newspaper 2.0 0.0001
1261 hdb 2.0 0.0001
1262 chinatown 2.0 0.0001
1263 cancelled 2.0 0.0001
1264 elvin 2.0 0.0001
1265 1215 2.0 0.0001
1266 630 2.0 0.0001
1267 testimonial 2.0 0.0001
1268 considering 2.0 0.0001
1269 consider 2.0 0.0001
1270 period 2.0 0.0001
1271 workplace 2.0 0.0001
1272 contract 2.0 0.0001
1273 jo 2.0 0.0001
1274 blame 2.0 0.0001
1275 reading 2.0 0.0001
1276 gone 2.0 0.0001
1277 slot 2.0 0.0001
1278 braddell 2.0 0.0001
1279 hungry 2.0 0.0001
1280 forever 2.0 0.0001
1281 michelle 2.0 0.0001
1282 pages 2.0 0.0001
1283 pair 2.0 0.0001
1284 paid 2.0 0.0001
1285 channel 2.0 0.0001
1286 cineleisure 2.0 0.0001
1287 topics 2.0 0.0001
1288 ang 2.0 0.0001
1289 future 2.0 0.0001
1290 flowers 2.0 0.0001
1291 millians 2.0 0.0001
1292 city 2.0 0.0001
1293 carry 2.0 0.0001
1294 star 2.0 0.0001
1295 programming 2.0 0.0001
1296 training 2.0 0.0001
1297 million 2.0 0.0001
1298 torquay 2.0 0.0001
1299 sabah 2.0 0.0001
1300 finance 2.0 0.0001
1301 happened 2.0 0.0001
1302 gem 2.0 0.0001
1303 forms 2.0 0.0001
1304 cold 2.0 0.0001
1305 merina 2.0 0.0001
1306 haircut 2.0 0.0001
1307 candles 2.0 0.0001
1308 7pm 2.0 0.0001
1309 valentines 2.0 0.0001
1310 arrive 2.0 0.0001
1311 wallet 2.0 0.0001
1312 chocolate 2.0 0.0001
1313 envelope 2.0 0.0001
1314 namly 2.0 0.0001
1315 visit 2.0 0.0001
1316 1st 2.0 0.0001
1317 extra 2.0 0.0001
1318 weird 2.0 0.0001
1319 usually 2.0 0.0001
1320 box 2.0 0.0001
1321 mr 2.0 0.0001
1322 health 2.0 0.0001
1323 uniform 2.0 0.0001
1324 favour 2.0 0.0001
1325 copy 2.0 0.0001
1326 round 2.0 0.0001
1327 bukit 2.0 0.0001
1328 minute 2.0 0.0001
1329 fon 2.0 0.0001
1330 tanks 2.0 0.0001
1331 promoting 2.0 0.0001
1332 father 2.0 0.0001
1333 telemarketing 2.0 0.0001
1334 skip 2.0 0.0001
1335 modules 2.0 0.0001
1336 gets 2.0 0.0001
1337 hawker 2.0 0.0001
1338 fell 2.0 0.0001
1339 update 2.0 0.0001
1340 wombat 2.0 0.0001
1341 excel 2.0 0.0001
1342 accounting 2.0 0.0001
1343 trim 2.0 0.0001
1344 born 2.0 0.0001
1345 congratulations 2.0 0.0001
1346 heat 2.0 0.0001
1347 stuck 2.0 0.0001
1348 support 2.0 0.0001
1349 puzzle 2.0 0.0001
1350 maxwell 2.0 0.0001
1351 rent 2.0 0.0001
1352 knew 2.0 0.0001
1353 booking 2.0 0.0001
1354 fox 2.0 0.0001
1355 130pm 2.0 0.0001
1356 malaysia 2.0 0.0001
1357 remind 2.0 0.0001
1358 brownie 2.0 0.0001
1359 babes 2.0 0.0001
1360 gave 2.0 0.0001
1361 joss 2.0 0.0001
1362 board 2.0 0.0001
1363 relatives 2.0 0.0001
1364 dining 2.0 0.0001
1365 unique 2.0 0.0001
1366 hah 2.0 0.0001
1367 kept 2.0 0.0001
1368 kio 2.0 0.0001
1369 afraid 2.0 0.0001
1370 action 2.0 0.0001
1371 hang 2.0 0.0001
1372 nic 2.0 0.0001
1373 arent 2.0 0.0001
1374 complex 2.0 0.0001
1375 matriculation 2.0 0.0001
1376 tiong 2.0 0.0001
1377 jess 2.0 0.0001
1378 k 2.0 0.0001
1379 suppose 2.0 0.0001
1380 air 2.0 0.0001
1381 slp 2.0 0.0001
1382 lift 2.0 0.0001
1383 quickly 2.0 0.0001
1384 three 2.0 0.0001
1385 tony 2.0 0.0001
1386 troublesome 2.0 0.0001
1387 tough 2.0 0.0001
1388 games 2.0 0.0001
1389 men 2.0 0.0001
1390 side 2.0 0.0001
1391 grandmother 2.0 0.0001
1392 away 2.0 0.0001
1393 disturbing 2.0 0.0001
1394 submitted 2.0 0.0001
1395 boarded 2.0 0.0001
1396 shots 2.0 0.0001
1397 bar 2.0 0.0001
1398 earn 2.0 0.0001
1399 rice 2.0 0.0001
1400 545 2.0 0.0001
1401 sugar 2.0 0.0001
1402 medical 2.0 0.0001
1403 quit 2.0 0.0001
1404 nobody 2.0 0.0001
1405 seem 2.0 0.0001
1406 expo 2.0 0.0001
1407 top 2.0 0.0001
1408 basketball 2.0 0.0001
1409 ate 2.0 0.0001
1410 245 2.0 0.0001
1411 hostel 2.0 0.0001
1412 meal 2.0 0.0001
1413 roast 2.0 0.0001
1414 classified 2.0 0.0001
1415 easier 2.0 0.0001
1416 24th 2.0 0.0001
1417 london 2.0 0.0001
1418 singaporean 2.0 0.0001
1419 green 2.0 0.0001
1420 scare 2.0 0.0001
1421 bedok 2.0 0.0001
1422 clubbing 2.0 0.0001
1423 id 2.0 0.0001
1424 1pm 2.0 0.0001
1425 ceremony 2.0 0.0001
1426 erm 2.0 0.0001
1427 movies 2.0 0.0001
1428 homepage 2.0 0.0001
1429 mc 2.0 0.0001
1430 glass 2.0 0.0001
1431 unit 2.0 0.0001
1432 geylang 2.0 0.0001
1433 ivle 2.0 0.0001
1434 changes 2.0 0.0001
1435 credit 2.0 0.0001
1436 100 2.0 0.0001
1437 mei 2.0 0.0001
1438 cooking 2.0 0.0001
1439 ugly 2.0 0.0001
1440 japanese 2.0 0.0001
1441 295 2.0 0.0001
1442 red 2.0 0.0001
1443 every 2.0 0.0001
1444 6pm 2.0 0.0001
1445 8th 1.0 0.0
1446 baked 1.0 0.0
1447 accidents 1.0 0.0
1448 reachd 1.0 0.0
1449 genting 1.0 0.0
1450 rule 1.0 0.0
1451 zheng 1.0 0.0
1452 orhz 1.0 0.0
1453 contacting 1.0 0.0
1454 wing 1.0 0.0
1455 mass 1.0 0.0
1456 gossip 1.0 0.0
1457 lately 1.0 0.0
1458 42 1.0 0.0
1459 45 1.0 0.0
1460 corporation 1.0 0.0
1461 flight 1.0 0.0
1462 fridenster 1.0 0.0
1463 ink 1.0 0.0
1464 meaningless 1.0 0.0
1465 kisses 1.0 0.0
1466 advertisement 1.0 0.0
1467 replying 1.0 0.0
1468 ex 1.0 0.0
1469 piece 1.0 0.0
1470 stories 1.0 0.0
1471 lagging 1.0 0.0
1472 smooth 1.0 0.0
1473 places 1.0 0.0
1474 straightaway 1.0 0.0
1475 yesdidnt 1.0 0.0
1476 technician 1.0 0.0
1477 crepes 1.0 0.0
1478 gain 1.0 0.0
1479 bun 1.0 0.0
1480 reminds 1.0 0.0
1481 loyong 1.0 0.0
1482 chatting 1.0 0.0
1483 noel 1.0 0.0
1484 north 1.0 0.0
1485 vat 1.0 0.0
1486 spread 1.0 0.0
1487 noticed 1.0 0.0
1488 museum 1.0 0.0
1489 ridge 1.0 0.0
1490 terminated 1.0 0.0
1491 retrieve 1.0 0.0
1492 roads 1.0 0.0
1493 terence 1.0 0.0
1494 96537803 1.0 0.0
1495 monkees 1.0 0.0
1496 detest 1.0 0.0
1497 boggy 1.0 0.0
1498 owl 1.0 0.0
1499 revise 1.0 0.0
1500 commons 1.0 0.0
1501 bodynits 1.0 0.0
1502 shoes 1.0 0.0
1503 gained 1.0 0.0
1504 730pm 1.0 0.0
1505 pasta 1.0 0.0
1506 although 1.0 0.0
1507 petty 1.0 0.0
1508 mingfang 1.0 0.0
1509 kiddy 1.0 0.0
1510 preoccupied 1.0 0.0
1511 avoid 1.0 0.0
1512 lead 1.0 0.0
1513 highlighting 1.0 0.0
1514 nokia 1.0 0.0
1515 lt32 1.0 0.0
1516 transport 1.0 0.0
1517 ballot 1.0 0.0
1518 haiz 1.0 0.0
1519 almonds 1.0 0.0
1520 dobby 1.0 0.0
1521 wrks 1.0 0.0
1522 probabilty 1.0 0.0
1523 become 1.0 0.0
1524 11pm 1.0 0.0
1525 loss 1.0 0.0
1526 immediately 1.0 0.0
1527 desk 1.0 0.0
1528 facial 1.0 0.0
1529 fuji 1.0 0.0
1530 checking 1.0 0.0
1531 ample 1.0 0.0
1532 boon 1.0 0.0
1533 gods 1.0 0.0
1534 homework 1.0 0.0
1535 balloons 1.0 0.0
1536 smith 1.0 0.0
1537 drunk 1.0 0.0
1538 wed 1.0 0.0
1539 happiness 1.0 0.0
1540 tone 1.0 0.0
1541 surpass 1.0 0.0
1542 clinic 1.0 0.0
1543 845pm 1.0 0.0
1544 storey 1.0 0.0
1545 tcs 1.0 0.0
1546 barking 1.0 0.0
1547 st1232 1.0 0.0
1548 sets 1.0 0.0
1549 tp 1.0 0.0
1550 single 1.0 0.0
1551 fierce 1.0 0.0
1552 effect 1.0 0.0
1553 lobang 1.0 0.0
1554 63366822 1.0 0.0
1555 difficult 1.0 0.0
1556 dan 1.0 0.0
1557 strange 1.0 0.0
1558 matthew 1.0 0.0
1559 campus 1.0 0.0
1560 administration 1.0 0.0
1561 malayu 1.0 0.0
1562 perhaps 1.0 0.0
1563 unsure 1.0 0.0
1564 riverwalk 1.0 0.0
1565 helped 1.0 0.0
1566 surface 1.0 0.0
1567 thur 1.0 0.0
1568 lush 1.0 0.0
1569 cz1102 1.0 0.0
1570 pits 1.0 0.0
1571 pictures 1.0 0.0
1572 hahaha 1.0 0.0
1573 chijmes 1.0 0.0
1574 tshirt 1.0 0.0
1575 harder 1.0 0.0
1576 smoking 1.0 0.0
1577 ours 1.0 0.0
1578 0164330931 1.0 0.0
1579 mike 1.0 0.0
1580 define 1.0 0.0
1581 certain 1.0 0.0
1582 slowly 1.0 0.0
1583 yan 1.0 0.0
1584 responds 1.0 0.0
1585 outsider 1.0 0.0
1586 dividend 1.0 0.0
1587 b7ljammer 1.0 0.0
1588 cz 1.0 0.0
1589 denise 1.0 0.0
1590 teasing 1.0 0.0
1591 co 1.0 0.0
1592 comment 1.0 0.0
1593 invites 1.0 0.0
1594 bristol 1.0 0.0
1595 admit 1.0 0.0
1596 commenting 1.0 0.0
1597 hits 1.0 0.0
1598 hammy 1.0 0.0
1599 930pm 1.0 0.0
1600 thumb 1.0 0.0
1601 jon 1.0 0.0
1602 boss 1.0 0.0
1603 ìt 1.0 0.0
1604 joy 1.0 0.0
1605 opening 1.0 0.0
1606 lun 1.0 0.0
1607 horrible 1.0 0.0
1608 convince 1.0 0.0
1609 favor 1.0 0.0
1610 ralph 1.0 0.0
1611 clearing 1.0 0.0
1612 consolidating 1.0 0.0
1613 temporarily 1.0 0.0
1614 available 1.0 0.0
1615 costume 1.0 0.0
1616 11am 1.0 0.0
1617 fixed 1.0 0.0
1618 grab 1.0 0.0
1619 019870491 1.0 0.0
1620 lala 1.0 0.0
1621 quarantine 1.0 0.0
1622 h 1.0 0.0
1623 ended 1.0 0.0
1624 committees 1.0 0.0
1625 crabs 1.0 0.0
1626 muaks 1.0 0.0
1627 kong 1.0 0.0
1628 timing 1.0 0.0
1629 nopez 1.0 0.0
1630 joins 1.0 0.0
1631 lucky 1.0 0.0
1632 overall 1.0 0.0
1633 flirting 1.0 0.0
1634 photography 1.0 0.0
1635 beat 1.0 0.0
1636 listened 1.0 0.0
1637 2650 1.0 0.0
1638 merchandiser 1.0 0.0
1639 ngs 1.0 0.0
1640 jar 1.0 0.0
1641 jay 1.0 0.0
1642 jaz 1.0 0.0
1643 6006 1.0 0.0
1644 staff 1.0 0.0
1645 thicker 1.0 0.0
1646 vacancy 1.0 0.0
1647 supported 1.0 0.0
1648 kite 1.0 0.0
1649 guinea 1.0 0.0
1650 heehee 1.0 0.0
1651 hunks 1.0 0.0
1652 sorta 1.0 0.0
1653 saimee 1.0 0.0
1654 disease 1.0 0.0
1655 32k 1.0 0.0
1656 url 1.0 0.0
1657 eymani 1.0 0.0
1658 wwwmiworldcomsg 1.0 0.0
1659 centro 1.0 0.0
1660 combat 1.0 0.0
1661 lancaster 1.0 0.0
1662 calculus 1.0 0.0
1663 blades 1.0 0.0
1664 divert 1.0 0.0
1665 sh 1.0 0.0
1666 320 1.0 0.0
1667 mid 1.0 0.0
1668 agency 1.0 0.0
1669 4000 1.0 0.0
1670 min 1.0 0.0
1671 angle 1.0 0.0
1672 documents 1.0 0.0
1673 bastard 1.0 0.0
1674 moboy 1.0 0.0
1675 meijuns 1.0 0.0
1676 goodie 1.0 0.0
1677 receptionist 1.0 0.0
1678 comfortable 1.0 0.0
1679 stricter 1.0 0.0
1680 bare 1.0 0.0
1681 briefing 1.0 0.0
1682 jesslyn 1.0 0.0
1683 photograph 1.0 0.0
1684 anyones 1.0 0.0
1685 romny1980hotmailc 1.0 0.0
1686 juli 1.0 0.0
1687 punish 1.0 0.0
1688 shorts 1.0 0.0
1689 configure 1.0 0.0
1690 boil 1.0 0.0
1691 final 1.0 0.0
1692 97856124 1.0 0.0
1693 perfectly 1.0 0.0
1694 siam 1.0 0.0
1695 sian 1.0 0.0
1696 exhilarating 1.0 0.0
1697 system 1.0 0.0
1698 data 1.0 0.0
1699 kidding 1.0 0.0
1700 collages 1.0 0.0
1701 embarrassed 1.0 0.0
1702 1344 1.0 0.0
1703 yong 1.0 0.0
1704 whackers33hotmailcom 1.0 0.0
1705 shucks 1.0 0.0
1706 1730 1.0 0.0
1707 safti 1.0 0.0
1708 length 1.0 0.0
1709 conversation 1.0 0.0
1710 mac 1.0 0.0
1711 mainland 1.0 0.0
1712 seow 1.0 0.0
1713 surely 1.0 0.0
1714 attending 1.0 0.0
1715 embassy 1.0 0.0
1716 recommendations 1.0 0.0
1717 nooch 1.0 0.0
1718 math 1.0 0.0
1719 23f 1.0 0.0
1720 93864500 1.0 0.0
1721 91073084 1.0 0.0
1722 vcd 1.0 0.0
1723 80 1.0 0.0
1724 aust 1.0 0.0
1725 product 1.0 0.0
1726 12pm 1.0 0.0
1727 seniors 1.0 0.0
1728 tray 1.0 0.0
1729 circular 1.0 0.0
1730 beneath 1.0 0.0
1731 7250 1.0 0.0
1732 loner 1.0 0.0
1733 front 1.0 0.0
1734 mention 1.0 0.0
1735 dao 1.0 0.0
1736 junction 1.0 0.0
1737 degrees 1.0 0.0
1738 housewife 1.0 0.0
1739 broom 1.0 0.0
1740 chosen 1.0 0.0
1741 marshmallow 1.0 0.0
1742 newsweek 1.0 0.0
1743 dial 1.0 0.0
1744 135 1.0 0.0
1745 132 1.0 0.0
1746 boxing 1.0 0.0
1747 moisturise 1.0 0.0
1748 now，are 1.0 0.0
1749 eurasian 1.0 0.0
1750 feels 1.0 0.0
1751 lame 1.0 0.0
1752 andrew 1.0 0.0
1753 realized 1.0 0.0
1754 weekstutorials 1.0 0.0
1755 ethnic 1.0 0.0
1756 pigs 1.0 0.0
1757 fran 1.0 0.0
1758 attend 1.0 0.0
1759 administrator 1.0 0.0
1760 chou 1.0 0.0
1761 sim 1.0 0.0
1762 materials 1.0 0.0
1763 arrangement 1.0 0.0
1764 six 1.0 0.0
1765 sir 1.0 0.0
1766 skirt 1.0 0.0
1767 standard 1.0 0.0
1768 hit 1.0 0.0
1769 high 1.0 0.0
1770 840 1.0 0.0
1771 timepass 1.0 0.0
1772 slim 1.0 0.0
1773 lorong 1.0 0.0
1774 tap 1.0 0.0
1775 bens 1.0 0.0
1776 tau 1.0 0.0
1777 control 1.0 0.0
1778 drops 1.0 0.0
1779 animals 1.0 0.0
1780 prizes 1.0 0.0
1781 train 1.0 0.0
1782 clever 1.0 0.0
1783 sort 1.0 0.0
1784 awesome 1.0 0.0
1785 braindance 1.0 0.0
1786 bonds 1.0 0.0
1787 timetable 1.0 0.0
1788 camera 1.0 0.0
1789 frog 1.0 0.0
1790 chocolates 1.0 0.0
1791 toysarus 1.0 0.0
1792 expected 1.0 0.0
1793 zip 1.0 0.0
1794 private 1.0 0.0
1795 manage 1.0 0.0
1796 claim 1.0 0.0
1797 named 1.0 0.0
1798 honor 1.0 0.0
1799 weekday 1.0 0.0
1800 quarrelling 1.0 0.0
1801 37 1.0 0.0
1802 33 1.0 0.0
1803 38 1.0 0.0
1804 extreme 1.0 0.0
1805 irritating 1.0 0.0
1806 5419814 1.0 0.0
1807 sing 1.0 0.0
1808 others 1.0 0.0
1809 les 1.0 0.0
1810 spacing 1.0 0.0
1811 hky 1.0 0.0
1812 bird 1.0 0.0
1813 1400 1.0 0.0
1814 capital 1.0 0.0
1815 twins 1.0 0.0
1816 heeren 1.0 0.0
1817 vampire 1.0 0.0
1818 asap 1.0 0.0
1819 sape 1.0 0.0
1820 giving 1.0 0.0
1821 sausage 1.0 0.0
1822 index 1.0 0.0
1823 honors 1.0 0.0
1824 odd 1.0 0.0
1825 acid 1.0 0.0
1826 download 1.0 0.0
1827 reunion 1.0 0.0
1828 goodies 1.0 0.0
1829 zi 1.0 0.0
1830 sanur 1.0 0.0
1831 bathed 1.0 0.0
1832 damning 1.0 0.0
1833 eve 1.0 0.0
1834 yourselves 1.0 0.0
1835 earrings 1.0 0.0
1836 wishes 1.0 0.0
1837 715 1.0 0.0
1838 719 1.0 0.0
1839 garden 1.0 0.0
1840 random 1.0 0.0
1841 pestering 1.0 0.0
1842 postings 1.0 0.0
1843 insights 1.0 0.0
1844 shanghai 1.0 0.0
1845 seemed 1.0 0.0
1846 barbecue 1.0 0.0
1847 016 1.0 0.0
1848 groceries 1.0 0.0
1849 gd 1.0 0.0
1850 wkself 1.0 0.0
1851 scratch 1.0 0.0
1852 gp 1.0 0.0
1853 agnes 1.0 0.0
1854 right？ 1.0 0.0
1855 carrying 1.0 0.0
1856 2003 1.0 0.0
1857 walked 1.0 0.0
1858 tubes 1.0 0.0
1859 texted 1.0 0.0
1860 gower 1.0 0.0
1861 drag 1.0 0.0
1862 prepared 1.0 0.0
1863 favourite 1.0 0.0
1864 income 1.0 0.0
1865 ellen 1.0 0.0
1866 peace 1.0 0.0
1867 objection 1.0 0.0
1868 peach 1.0 0.0
1869 theyll 1.0 0.0
1870 creps 1.0 0.0
1871 clubroom 1.0 0.0
1872 550 1.0 0.0
1873 12000pes 1.0 0.0
1874 qet 1.0 0.0
1875 similar 1.0 0.0
1876 customers 1.0 0.0
1877 clips 1.0 0.0
1878 mohd 1.0 0.0
1879 posted 1.0 0.0
1880 reen 1.0 0.0
1881 junior 1.0 0.0
1882 competition 1.0 0.0
1883 boys 1.0 0.0
1884 hoped 1.0 0.0
1885 sunperks 1.0 0.0
1886 luckyspin 1.0 0.0
1887 invite 1.0 0.0
1888 opens 1.0 0.0
1889 wearing 1.0 0.0
1890 suit 1.0 0.0
1891 occupy 1.0 0.0
1892 u2 1.0 0.0
1893 sneaks 1.0 0.0
1894 ache 1.0 0.0
1895 eleven 1.0 0.0
1896 nsf 1.0 0.0
1897 within 1.0 0.0
1898 hudson 1.0 0.0
1899 david 1.0 0.0
1900 shiny 1.0 0.0
1901 replacement 1.0 0.0
1902 memorable 1.0 0.0
1903 alert 1.0 0.0
1904 fen 1.0 0.0
1905 wouldnt 1.0 0.0
1906 nowhere 1.0 0.0
1907 step 1.0 0.0
1908 304 1.0 0.0
1909 booklet 1.0 0.0
1910 inconvenience 1.0 0.0
1911 pen 1.0 0.0
1912 bruce 1.0 0.0
1913 mummy 1.0 0.0
1914 twinkle 1.0 0.0
1915 ourselves 1.0 0.0
1916 pale 1.0 0.0
1917 28th 1.0 0.0
1918 30k 1.0 0.0
1919 urgent 1.0 0.0
1920 theyve 1.0 0.0
1921 absolutely 1.0 0.0
1922 liein 1.0 0.0
1923 parade 1.0 0.0
1924 locksmiths 1.0 0.0
1925 chow 1.0 0.0
1926 d 1.0 0.0
1927 knock 1.0 0.0
1928 formal 1.0 0.0
1929 sandals 1.0 0.0
1930 shitty 1.0 0.0
1931 march 1.0 0.0
1932 sydney 1.0 0.0
1933 derel 1.0 0.0
1934 shexy 1.0 0.0
1935 admission 1.0 0.0
1936 93466348 1.0 0.0
1937 yah 1.0 0.0
1938 lexus 1.0 0.0
1939 world 1.0 0.0
1940 listening 1.0 0.0
1941 dieting 1.0 0.0
1942 preference 1.0 0.0
1943 chemistry 1.0 0.0
1944 cheer 1.0 0.0
1945 forfeited 1.0 0.0
1946 database 1.0 0.0
1947 knack 1.0 0.0
1948 cleaning 1.0 0.0
1949 arrived 1.0 0.0
1950 maxy 1.0 0.0
1951 temporary 1.0 0.0
1952 higher 1.0 0.0
1953 shan 1.0 0.0
1954 survey 1.0 0.0
1955 peoples 1.0 0.0
1956 rules 1.0 0.0
1957 trg 1.0 0.0
1958 tipwhat 1.0 0.0
1959 shirt 1.0 0.0
1960 funan 1.0 0.0
1961 chauffeur 1.0 0.0
1962 ready 1.0 0.0
1963 owes 1.0 0.0
1964 backing 1.0 0.0
1965 styles 1.0 0.0
1966 match 1.0 0.0
1967 batch 1.0 0.0
1968 smsing 1.0 0.0
1969 fur 1.0 0.0
1970 whatre 1.0 0.0
1971 muji 1.0 0.0
1972 96792371 1.0 0.0
1973 maintenance 1.0 0.0
1974 dropping 1.0 0.0
1975 secret 1.0 0.0
1976 96821456 1.0 0.0
1977 dug 1.0 0.0
1978 create 1.0 0.0
1979 sine 1.0 0.0
1980 finally 1.0 0.0
1981 devin 1.0 0.0
1982 belt 1.0 0.0
1983 sakae 1.0 0.0
1984 dancer 1.0 0.0
1985 manners 1.0 0.0
1986 kwang 1.0 0.0
1987 loan 1.0 0.0
1988 simple 1.0 0.0
1989 boxers 1.0 0.0
1990 annie 1.0 0.0
1991 became 1.0 0.0
1992 roman 1.0 0.0
1993 sensitive 1.0 0.0
1994 jocelyn 1.0 0.0
1995 license 1.0 0.0
1996 centrept 1.0 0.0
1997 pissed 1.0 0.0
1998 selfconscious 1.0 0.0
1999 invisible 1.0 0.0
2000 maxwells 1.0 0.0
2001 sold 1.0 0.0
2002 447 1.0 0.0
2003 responses 1.0 0.0
2004 makeup 1.0 0.0
2005 pagar 1.0 0.0
2006 piss 1.0 0.0
2007 workers 1.0 0.0
2008 practice 1.0 0.0
2009 knees 1.0 0.0
2010 skill 1.0 0.0
2011 11th 1.0 0.0
2012 sen 1.0 0.0
2013 oppshihow 1.0 0.0
2014 dumb 1.0 0.0
2015 sez 1.0 0.0
2016 somemore 1.0 0.0
2017 jade 1.0 0.0
2018 baru 1.0 0.0
2019 arr 1.0 0.0
2020 river 1.0 0.0
2021 common 1.0 0.0
2022 coincidence 1.0 0.0
2023 perfume 1.0 0.0
2024 remove 1.0 0.0
2025 cry 1.0 0.0
2026 1015 1.0 0.0
2027 ziping 1.0 0.0
2028 lea，yes 1.0 0.0
2029 remedy 1.0 0.0
2030 grocery 1.0 0.0
2031 publicity 1.0 0.0
2032 indian 1.0 0.0
2033 pj 1.0 0.0
2034 moses 1.0 0.0
2035 equity 1.0 0.0
2036 randy 1.0 0.0
2037 failed 1.0 0.0
2038 campextra 1.0 0.0
2039 access 1.0 0.0
2040 relive 1.0 0.0
2041 font 1.0 0.0
2042 bookings 1.0 0.0
2043 scattered 1.0 0.0
2044 grandmas 1.0 0.0
2045 phenomenon 1.0 0.0
2046 cdd 1.0 0.0
2047 physics 1.0 0.0
2048 usual 1.0 0.0
2049 clean 1.0 0.0
2050 organise 1.0 0.0
2051 hints 1.0 0.0
2052 tph 1.0 0.0
2053 cover 1.0 0.0
2054 popularity 1.0 0.0
2055 bug 1.0 0.0
2056 78 1.0 0.0
2057 kay 1.0 0.0
2058 jsp 1.0 0.0
2059 kai 1.0 0.0
2060 square 1.0 0.0
2061 costs 1.0 0.0
2062 spinellis 1.0 0.0
2063 click 1.0 0.0
2064 officers 1.0 0.0
2065 64mb 1.0 0.0
2066 self 1.0 0.0
2067 96473920 1.0 0.0
2068 nights 1.0 0.0
2069 lie 1.0 0.0
2070 kingshead 1.0 0.0
2071 fiona 1.0 0.0
2072 guarding 1.0 0.0
2073 direct 1.0 0.0
2074 ages 1.0 0.0
2075 sultans 1.0 0.0
2076 fions 1.0 0.0
2077 wasnt 1.0 0.0
2078 suying 1.0 0.0
2079 treated 1.0 0.0
2080 contrary 1.0 0.0
2081 zepol 1.0 0.0
2082 instruction 1.0 0.0
2083 nagging 1.0 0.0
2084 stairs 1.0 0.0
2085 boredom 1.0 0.0
2086 luckily 1.0 0.0
2087 2627 1.0 0.0
2088 headache 1.0 0.0
2089 jen 1.0 0.0
2090 warming 1.0 0.0
2091 player 1.0 0.0
2092 hamsters 1.0 0.0
2093 leading 1.0 0.0
2094 horse 1.0 0.0
2095 villa 1.0 0.0
2096 sunburn 1.0 0.0
2097 legalized 1.0 0.0
2098 vesak 1.0 0.0
2099 centrepoint 1.0 0.0
2100 knocking 1.0 0.0
2101 5th 1.0 0.0
2102 circuit 1.0 0.0
2103 jez 1.0 0.0
2104 mpsh 1.0 0.0
2105 terrible 1.0 0.0
2106 benefits 1.0 0.0
2107 renovated 1.0 0.0
2108 teach 1.0 0.0
2109 conditioning 1.0 0.0
2110 base 1.0 0.0
2111 reason 1.0 0.0
2112 asp 1.0 0.0
2113 ass 1.0 0.0
2114 hill 1.0 0.0
2115 fountain 1.0 0.0
2116 childish 1.0 0.0
2117 measurement 1.0 0.0
2118 smsmms 1.0 0.0
2119 wacky 1.0 0.0
2120 reduce 1.0 0.0
2121 upstairs 1.0 0.0
2122 biscuits 1.0 0.0
2123 1am 1.0 0.0
2124 bless 1.0 0.0
2125 featured 1.0 0.0
2126 97965247 1.0 0.0
2127 idols 1.0 0.0
2128 8332 1.0 0.0
2129 encouraging 1.0 0.0
2130 electives 1.0 0.0
2131 wawas 1.0 0.0
2132 1700 1.0 0.0
2133 yi 1.0 0.0
2134 tanjong 1.0 0.0
2135 macaroni 1.0 0.0
2136 “leafcutter 1.0 0.0
2137 29 1.0 0.0
2138 28 1.0 0.0
2139 pray 1.0 0.0
2140 27 1.0 0.0
2141 register 1.0 0.0
2142 rocks 1.0 0.0
2143 hell 1.0 0.0
2144 committee 1.0 0.0
2145 trade 1.0 0.0
2146 stays 1.0 0.0
2147 itd 1.0 0.0
2148 cine 1.0 0.0
2149 starhub 1.0 0.0
2150 ding 1.0 0.0
2151 discussing 1.0 0.0
2152 overnight 1.0 0.0
2153 doctor 1.0 0.0
2154 onto 1.0 0.0
2155 burns 1.0 0.0
2156 response 1.0 0.0
2157 plane 1.0 0.0
2158 615 1.0 0.0
2159 rudi 1.0 0.0
2160 rude 1.0 0.0
2161 plans 1.0 0.0
2162 civilisation 1.0 0.0
2163 cleansing 1.0 0.0
2164 enlarge 1.0 0.0
2165 awkward 1.0 0.0
2166 durian 1.0 0.0
2167 sharp 1.0 0.0
2168 ave 1.0 0.0
2169 celine 1.0 0.0
2170 minimum 1.0 0.0
2171 share 1.0 0.0
2172 transcend 1.0 0.0
2173 abandon 1.0 0.0
2174 del 1.0 0.0
2175 remain 1.0 0.0
2176 huge 1.0 0.0
2177 installing 1.0 0.0
2178 niny 1.0 0.0
2179 keeping 1.0 0.0
2180 glad 1.0 0.0
2181 remixed 1.0 0.0
2182 macadamias 1.0 0.0
2183 grabbing 1.0 0.0
2184 markets 1.0 0.0
2185 branded 1.0 0.0
2186 irritate 1.0 0.0
2187 score 1.0 0.0
2188 eye 1.0 0.0
2189 shareholders 1.0 0.0
2190 select 1.0 0.0
2191 gosh 1.0 0.0
2192 trainee 1.0 0.0
2193 buses 1.0 0.0
2194 itll 1.0 0.0
2195 stella 1.0 0.0
2196 £48 1.0 0.0
2197 anywehre 1.0 0.0
2198 fatter 1.0 0.0
2199 alannan 1.0 0.0
2200 strong 1.0 0.0
2201 iras 1.0 0.0
2202 sardines 1.0 0.0
2203 mms 1.0 0.0
2204 compilation 1.0 0.0
2205 recruits 1.0 0.0
2206 full 1.0 0.0
2207 imperialmusic 1.0 0.0
2208 perak 1.0 0.0
2209 design 1.0 0.0
2210 ten 1.0 0.0
2211 ger16 1.0 0.0
2212 huiqi 1.0 0.0
2213 embarrasing 1.0 0.0
2214 harry 1.0 0.0
2215 list 1.0 0.0
2216 stepbystep 1.0 0.0
2217 offline 1.0 0.0
2218 ramen 1.0 0.0
2219 difference 1.0 0.0
2220 ticket 1.0 0.0
2221 plaid 1.0 0.0
2222 focus 1.0 0.0
2223 worse 1.0 0.0
2224 appointment 1.0 0.0
2225 esther 1.0 0.0
2226 spain 1.0 0.0
2227 mng 1.0 0.0
2228 messy 1.0 0.0
2229 tours 1.0 0.0
2230 dollar 1.0 0.0
2231 suns 1.0 0.0
2232 sch 1.0 0.0
2233 bahru 1.0 0.0
2234 m1s 1.0 0.0
2235 wife 1.0 0.0
2236 raffles 1.0 0.0
2237 sardine 1.0 0.0
2238 realising 1.0 0.0
2239 includes 1.0 0.0
2240 topshop 1.0 0.0
2241 classmate 1.0 0.0
2242 geleck 1.0 0.0
2243 projectright 1.0 0.0
2244 mathematics 1.0 0.0
2245 event 1.0 0.0
2246 yogi 1.0 0.0
2247 yoga 1.0 0.0
2248 fill 1.0 0.0
2249 ay 1.0 0.0
2250 file 1.0 0.0
2251 tasty 1.0 0.0
2252 630pm 1.0 0.0
2253 imagination 1.0 0.0
2254 sales 1.0 0.0
2255 expect 1.0 0.0
2256 dvd 1.0 0.0
2257 dirty 1.0 0.0
2258 strawberry 1.0 0.0
2259 nearest 1.0 0.0
2260 abused 1.0 0.0
2261 handsome 1.0 0.0
2262 pitched 1.0 0.0
2263 mick 1.0 0.0
2264 land 1.0 0.0
2265 97615390 1.0 0.0
2266 750 1.0 0.0
2267 kahi 1.0 0.0
2268 tiffany 1.0 0.0
2269 heh 1.0 0.0
2270 valley 1.0 0.0
2271 somerset 1.0 0.0
2272 cultures 1.0 0.0
2273 missy 1.0 0.0
2274 cats 1.0 0.0
2275 hed 1.0 0.0
2276 log 1.0 0.0
2277 happening 1.0 0.0
2278 blessed 1.0 0.0
2279 communication 1.0 0.0
2280 ard 1.0 0.0
2281 jian 1.0 0.0
2282 ladies 1.0 0.0
2283 checkup 1.0 0.0
2284 road 1.0 0.0
2285 youve 1.0 0.0
2286 rested 1.0 0.0
2287 srs 1.0 0.0
2288 noncompliance 1.0 0.0
2289 discussed 1.0 0.0
2290 acj 1.0 0.0
2291 tailor 1.0 0.0
2292 845 1.0 0.0
2293 exciting 1.0 0.0
2294 roaming 1.0 0.0
2295 thailand 1.0 0.0
2296 hectic 1.0 0.0
2297 tdy 1.0 0.0
2298 broken 1.0 0.0
2299 fitness 1.0 0.0
2300 meijun 1.0 0.0
2301 quitting 1.0 0.0
2302 juicer 1.0 0.0
2303 0168596707 1.0 0.0
2304 recorded 1.0 0.0
2305 noon 1.0 0.0
2306 drenched 1.0 0.0
2307 slice 1.0 0.0
2308 regina 1.0 0.0
2309 snoring 1.0 0.0
2310 erase 1.0 0.0
2311 lucy 1.0 0.0
2312 tina 1.0 0.0
2313 weve 1.0 0.0
2314 depend 1.0 0.0
2315 fully 1.0 0.0
2316 245pm 1.0 0.0
2317 physiotherapy 1.0 0.0
2318 miracle 1.0 0.0
2319 postcard 1.0 0.0
2320 disappointed 1.0 0.0
2321 accepted 1.0 0.0
2322 darn 1.0 0.0
2323 traffic 1.0 0.0
2324 first　and 1.0 0.0
2325 panjang 1.0 0.0
2326 huixins 1.0 0.0
2327 ireena 1.0 0.0
2328 grounded 1.0 0.0
2329 death 1.0 0.0
2330 blow 1.0 0.0
2331 touch 1.0 0.0
2332 kilo 1.0 0.0
2333 aspect 1.0 0.0
2334 0234 1.0 0.0
2335 nanyang 1.0 0.0
2336 charged 1.0 0.0
2337 cca 1.0 0.0
2338 model 1.0 0.0
2339 bottle 1.0 0.0
2340 roughly 1.0 0.0
2341 charger 1.0 0.0
2342 charges 1.0 0.0
2343 drain 1.0 0.0
2344 cross 1.0 0.0
2345 totally 1.0 0.0
2346 changing 1.0 0.0
2347 abalone 1.0 0.0
2348 8310 1.0 0.0
2349 running 1.0 0.0
2350 ting 1.0 0.0
2351 foam 1.0 0.0
2352 document 1.0 0.0
2353 reminder 1.0 0.0
2354 buys 1.0 0.0
2355 pad 1.0 0.0
2356 bermuda 1.0 0.0
2357 medic 1.0 0.0
2358 friendster 1.0 0.0
2359 cafe 1.0 0.0
2360 bags 1.0 0.0
2361 gloating 1.0 0.0
2362 middle 1.0 0.0
2363 cs1102 1.0 0.0
2364 aluminium 1.0 0.0
2365 invited 1.0 0.0
2366 coca 1.0 0.0
2367 profiles 1.0 0.0
2368 sound 1.0 0.0
2369 drawer 1.0 0.0
2370 quarantined 1.0 0.0
2371 squash 1.0 0.0
2372 formed 1.0 0.0
2373 1030 1.0 0.0
2374 delay 1.0 0.0
2375 production 1.0 0.0
2376 almighty 1.0 0.0
2377 informed 1.0 0.0
2378 arty 1.0 0.0
2379 cares 1.0 0.0
2380 cycling 1.0 0.0
2381 arts 1.0 0.0
2382 polo 1.0 0.0
2383 learning 1.0 0.0
2384 65 1.0 0.0
2385 fated 1.0 0.0
2386 60 1.0 0.0
2387 300 1.0 0.0
2388 pop 1.0 0.0
2389 color 1.0 0.0
2390 among 1.0 0.0
2391 comes 1.0 0.0
2392 fix 1.0 0.0
2393 awards 1.0 0.0
2394 cityhall 1.0 0.0
2395 175 1.0 0.0
2396 poem 1.0 0.0
2397 voicemail 1.0 0.0
2398 pests 1.0 0.0
2399 reaction 1.0 0.0
2400 jc 1.0 0.0
2401 spare 1.0 0.0
2402 js 1.0 0.0
2403 screen 1.0 0.0
2404 dinero 1.0 0.0
2405 parent 1.0 0.0
2406 across 1.0 0.0
2407 eusoffs 1.0 0.0
2408 label 1.0 0.0
2409 review 1.0 0.0
2410 william 1.0 0.0
2411 colgate 1.0 0.0
2412 wonder 1.0 0.0
2413 0163785738 1.0 0.0
2414 sean 1.0 0.0
2415 yifeng 1.0 0.0
2416 mtv 1.0 0.0
2417 picnic 1.0 0.0
2418 pang 1.0 0.0
2419 worries 1.0 0.0
2420 malaysian 1.0 0.0
2421 seldom 1.0 0.0
2422 frustrated 1.0 0.0
2423 sideway 1.0 0.0
2424 gel 1.0 0.0
2425 laguna 1.0 0.0
2426 outlet 1.0 0.0
2427 aim 1.0 0.0
2428 jazz 1.0 0.0
2429 assistant 1.0 0.0
2430 uncles 1.0 0.0
2431 221 1.0 0.0
2432 black 1.0 0.0
2433 contraction 1.0 0.0
2434 weiyun 1.0 0.0
2435 farting 1.0 0.0
2436 slow 1.0 0.0
2437 colours 1.0 0.0
2438 tiredness 1.0 0.0
2439 shoe 1.0 0.0
2440 bright 1.0 0.0
2441 discovered 1.0 0.0
2442 foaming 1.0 0.0
2443 tooth 1.0 0.0
2444 530pm 1.0 0.0
2445 cloth 1.0 0.0
2446 cleared 1.0 0.0
2447 importantly 1.0 0.0
2448 freshmen 1.0 0.0
2449 830 1.0 0.0
2450 track 1.0 0.0
2451 dearies 1.0 0.0
2452 200 1.0 0.0
2453 surf 1.0 0.0
2454 relaxed 1.0 0.0
2455 concern 1.0 0.0
2456 18th 1.0 0.0
2457 note 1.0 0.0
2458 zoo 1.0 0.0
2459 shocked 1.0 0.0
2460 ideas 1.0 0.0
2461 sat 1.0 0.0
2462 pastry 1.0 0.0
2463 bathe 1.0 0.0
2464 surname 1.0 0.0
2465 carfinal1clp 1.0 0.0
2466 anyways 1.0 0.0
2467 recruit 1.0 0.0
2468 16 1.0 0.0
2469 14 1.0 0.0
2470 television 1.0 0.0
2471 thai 1.0 0.0
2472 butt 1.0 0.0
2473 flowery 1.0 0.0
2474 snatch 1.0 0.0
2475 hun 1.0 0.0
2476 cup 1.0 0.0
2477 hub 1.0 0.0
2478 gives 1.0 0.0
2479 configured 1.0 0.0
2480 bits 1.0 0.0
2481 445pm 1.0 0.0
2482 bite 1.0 0.0
2483 gaught 1.0 0.0
2484 silent 1.0 0.0
2485 sheet 1.0 0.0
2486 singapura 1.0 0.0
2487 chinatowns 1.0 0.0
2488 potter 1.0 0.0
2489 miworldcomsg 1.0 0.0
2490 spoken 1.0 0.0
2491 tibs 1.0 0.0
2492 xytomorrow 1.0 0.0
2493 tennis 1.0 0.0
2494 blind 1.0 0.0
2495 frequent 1.0 0.0
2496 view 1.0 0.0
2497 promotion 1.0 0.0
2498 turf 1.0 0.0
2499 newquay 1.0 0.0
2500 funky 1.0 0.0
2501 motion 1.0 0.0
2502 honest 1.0 0.0
2503 language 1.0 0.0
2504 partner 1.0 0.0
2505 marine 1.0 0.0
2506 chen 1.0 0.0
2507 marina 1.0 0.0
2508 grandma 1.0 0.0
2509 liling 1.0 0.0
2510 hulk 1.0 0.0
2511 coloured 1.0 0.0
2512 cars 1.0 0.0
2513 correct 1.0 0.0
2514 internet 1.0 0.0
2515 blk 1.0 0.0
2516 dredz 1.0 0.0
2517 activities 1.0 0.0
2518 factory 1.0 0.0
2519 furthermore 1.0 0.0
2520 opened 1.0 0.0
2521 canvas 1.0 0.0
2522 album 1.0 0.0
2523 sunrise 1.0 0.0
2524 giro 1.0 0.0
2525 entering 1.0 0.0
2526 farewell 1.0 0.0
2527 nanxing 1.0 0.0
2528 domain 1.0 0.0
2529 rock 1.0 0.0
2530 realistic 1.0 0.0
2531 locked 1.0 0.0
2532 drop 1.0 0.0
2533 opera 1.0 0.0
2534 blacko 1.0 0.0
2535 nama 1.0 0.0
2536 sorted 1.0 0.0
2537 views 1.0 0.0
2538 emailed 1.0 0.0
2539 lonely 1.0 0.0
2540 non 1.0 0.0
2541 petition 1.0 0.0
2542 police 1.0 0.0
2543 dreading 1.0 0.0
2544 wishing 1.0 0.0
2545 webpage 1.0 0.0
2546 zping 1.0 0.0
2547 lt24 1.0 0.0
2548 cutenext 1.0 0.0
2549 dreamland 1.0 0.0
2550 si 1.0 0.0
2551 inform 1.0 0.0
2552 rollin 1.0 0.0
2553 explicit 1.0 0.0
2554 fantasia 1.0 0.0
2555 stress 1.0 0.0
2556 suck 1.0 0.0
2557 such 1.0 0.0
2558 messaging 1.0 0.0
2559 mad 1.0 0.0
2560 membership 1.0 0.0
2561 stripes 1.0 0.0
2562 spot 1.0 0.0
2563 wonderful 1.0 0.0
2564 97482959 1.0 0.0
2565 map 1.0 0.0
2566 polytechnic 1.0 0.0
2567 pure 1.0 0.0
2568 write 1.0 0.0
2569 discussion 1.0 0.0
2570 rays 1.0 0.0
2571 middleaged 1.0 0.0
2572 counting 1.0 0.0
2573 tazz 1.0 0.0
2574 admirer 1.0 0.0
2575 dropped 1.0 0.0
2576 topic 1.0 0.0
2577 chit 1.0 0.0
2578 chip 1.0 0.0
2579 expanding 1.0 0.0
2580 laughter 1.0 0.0
2581 following 1.0 0.0
2582 soul 1.0 0.0
2583 flu 1.0 0.0
2584 spinelli 1.0 0.0
2585 graphic 1.0 0.0
2586 93517902 1.0 0.0
2587 adverts 1.0 0.0
2588 everywhere 1.0 0.0
2589 curriculum 1.0 0.0
2590 acceptable 1.0 0.0
2591 suggestions 1.0 0.0
2592 12517 1.0 0.0
2593 sharing 1.0 0.0
2594 basicbook 1.0 0.0
2595 loving 1.0 0.0
2596 huixin 1.0 0.0
2597 wood 1.0 0.0
2598 live 1.0 0.0
2599 positive 1.0 0.0
2600 sake 1.0 0.0
2601 wealth 1.0 0.0
2602 market 1.0 0.0
2603 crisis 1.0 0.0
2604 flexibility 1.0 0.0
2605 lixia 1.0 0.0
2606 bloody 1.0 0.0
2607 stinge 1.0 0.0
2608 pillow 1.0 0.0
2609 trial 1.0 0.0
2610 queue 1.0 0.0
2611 earned 1.0 0.0
2612 thirty 1.0 0.0
2613 teacher 1.0 0.0
2614 grabbed 1.0 0.0
2615 filmed 1.0 0.0
2616 water 1.0 0.0
2617 superstition 1.0 0.0
2618 1230 1.0 0.0
2619 aishya 1.0 0.0
2620 unrestricted 1.0 0.0
2621 suspect 1.0 0.0
2622 rub 1.0 0.0
2623 current 1.0 0.0
2624 havoc 1.0 0.0
2625 mt 1.0 0.0
2626 hicard 1.0 0.0
2627 bake 1.0 0.0
2628 chopping 1.0 0.0
2629 regret 1.0 0.0
2630 talked 1.0 0.0
2631 diarrhoea 1.0 0.0
2632 spent 1.0 0.0
2633 mb 1.0 0.0
2634 level 1.0 0.0
2635 din 1.0 0.0
2636 farrer 1.0 0.0
2637 trouble 1.0 0.0
2638 erp 1.0 0.0
2639 cook 1.0 0.0
2640 kitten 1.0 0.0
2641 none 1.0 0.0
2642 jerk 1.0 0.0
2643 brown 1.0 0.0
2644 jogged 1.0 0.0
2645 tonsillitis 1.0 0.0
2646 es300 1.0 0.0
2647 knackered 1.0 0.0
2648 answered 1.0 0.0
2649 environment 1.0 0.0
2650 me？ 1.0 0.0
2651 netball 1.0 0.0
2652 promote 1.0 0.0
2653 hardtoget 1.0 0.0
2654 jurong 1.0 0.0
2655 yummy 1.0 0.0
2656 vpn 1.0 0.0
2657 21st 1.0 0.0
2658 rot 1.0 0.0
2659 chair 1.0 0.0
2660 ice 1.0 0.0
2661 manager 1.0 0.0
2662 whoever 1.0 0.0
2663 gown 1.0 0.0
2664 serious 1.0 0.0
2665 reception 1.0 0.0
2666 purple 1.0 0.0
2667 bakkwa 1.0 0.0
2668 99876452 1.0 0.0
2669 63383526 1.0 0.0
2670 hurt 1.0 0.0
2671 unwell 1.0 0.0
2672 diet 1.0 0.0
2673 welcome 1.0 0.0
2674 surprise 1.0 0.0
2675 models 1.0 0.0
2676 molested 1.0 0.0
2677 realize 1.0 0.0
2678 holding 1.0 0.0
2679 asshole 1.0 0.0
2680 450470 1.0 0.0
2681 tit 1.0 0.0
2682 ni 1.0 0.0
2683 dent 1.0 0.0
2684 promised 1.0 0.0
2685 textbook 1.0 0.0
2686 tournament 1.0 0.0
2687 sum1 1.0 0.0
2688 sticks 1.0 0.0
2689 guesses 1.0 0.0
2690 qin 1.0 0.0
2691 153 1.0 0.0
2692 smashed 1.0 0.0
2693 winery 1.0 0.0
2694 considered 1.0 0.0
2695 assessment 1.0 0.0
2696 brunswick 1.0 0.0
2697 gstring 1.0 0.0
2698 225 1.0 0.0
2699 cedes 1.0 0.0
2700 uncle 1.0 0.0
2701 needles 1.0 0.0
2702 26th 1.0 0.0
2703 launching 1.0 0.0
2704 gil 1.0 0.0
2705 tele 1.0 0.0
2706 circulatd 1.0 0.0
2707 yin 1.0 0.0
2708 rounds 1.0 0.0
2709 balanced 1.0 0.0
2710 18004822800 1.0 0.0
2711 explain 1.0 0.0
2712 sos 1.0 0.0
2713 freshman 1.0 0.0
2714 sob 1.0 0.0
2715 corrina 1.0 0.0
2716 sweater 1.0 0.0
2717 cherish 1.0 0.0
2718 blindfold 1.0 0.0
2719 o 1.0 0.0
2720 oreo 1.0 0.0
2721 peep 1.0 0.0
2722 payment 1.0 0.0
2723 marketing 1.0 0.0
2724 christmas 1.0 0.0
2725 foo 1.0 0.0
2726 bra 1.0 0.0
2727 creative 1.0 0.0
2728 daytime 1.0 0.0
2729 fow 1.0 0.0
2730 wireless 1.0 0.0
2731 invoice 1.0 0.0
2732 printer 1.0 0.0
2733 jennifer 1.0 0.0
2734 begin 1.0 0.0
2735 crown 1.0 0.0
2736 beneficial 1.0 0.0
2737 lecturer 1.0 0.0
2738 meddlesome 1.0 0.0
2739 hung 1.0 0.0
2740 50 1.0 0.0
2741 xp 1.0 0.0
2742 gift 1.0 0.0
2743 58 1.0 0.0
2744 appearing 1.0 0.0
2745 melting 1.0 0.0
2746 jys 1.0 0.0
2747 korean 1.0 0.0
2748 burnt 1.0 0.0
2749 lcm 1.0 0.0
2750 birth 1.0 0.0
2751 3pm 1.0 0.0
2752 arab 1.0 0.0
2753 thermometer 1.0 0.0
2754 lct 1.0 0.0
2755 latest 1.0 0.0
2756 adress 1.0 0.0
2757 easy 1.0 0.0
2758 115pm 1.0 0.0
2759 josh 1.0 0.0
2760 cherry 1.0 0.0
2761 myanmar 1.0 0.0
2762 yep 1.0 0.0
2763 142mb 1.0 0.0
2764 sleepy 1.0 0.0
2765 mingle 1.0 0.0
2766 800 1.0 0.0
2767 menghong 1.0 0.0
2768 academic 1.0 0.0
2769 ocean 1.0 0.0
2770 fusion 1.0 0.0
2771 kid 1.0 0.0
2772 dozing 1.0 0.0
2773 therell 1.0 0.0
2774 supper 1.0 0.0
2775 pubs 1.0 0.0
2776 published 1.0 0.0
2777 smoke 1.0 0.0
2778 silly 1.0 0.0
2779 gek1005 1.0 0.0
2780 jolene 1.0 0.0
2781 toaster 1.0 0.0
2782 jiayin 1.0 0.0
2783 aljunied 1.0 0.0
2784 jame 1.0 0.0
2785 hong 1.0 0.0
2786 sells 1.0 0.0
2787 ie 1.0 0.0
2788 audrey 1.0 0.0
2789 accessories 1.0 0.0
2790 played 1.0 0.0
2791 economics 1.0 0.0
2792 mistake 1.0 0.0
2793 stopping 1.0 0.0
2794 leaves 1.0 0.0
2795 responding 1.0 0.0
2796 lesser 1.0 0.0
2797 tastes 1.0 0.0
2798 sounded 1.0 0.0
2799 kote 1.0 0.0
2800 worked 1.0 0.0
2801 personally 1.0 0.0
2802 woking 1.0 0.0
2803 6596400001 1.0 0.0
2804 prosperous 1.0 0.0
2805 innocent 1.0 0.0
2806 exhibition 1.0 0.0
2807 xuhui 1.0 0.0
2808 tutorials 1.0 0.0
2809 basic 1.0 0.0
2810 confident 1.0 0.0
2811 advert 1.0 0.0
2812 sam 1.0 0.0
2813 aphexs 1.0 0.0
2814 towels 1.0 0.0
2815 tons 1.0 0.0
2816 elfie 1.0 0.0
2817 vain 1.0 0.0
2818 confide 1.0 0.0
2819 415 1.0 0.0
2820 emporium 1.0 0.0
2821 com 1.0 0.0
2822 planned 1.0 0.0
2823 against 1.0 0.0
2824 jelly 1.0 0.0
2825 opportunities 1.0 0.0
2826 fault 1.0 0.0
2827 met 1.0 0.0
2828 protect 1.0 0.0
2829 received 1.0 0.0
2830 pity 1.0 0.0
2831 roller 1.0 0.0
2832 extent 1.0 0.0
2833 wtc 1.0 0.0
2834 wu 1.0 0.0
2835 lotion 1.0 0.0
2836 wk 1.0 0.0
2837 lover 1.0 0.0
2838 extend 1.0 0.0
2839 sarawak 1.0 0.0
2840 hopefully 1.0 0.0
2841 r 1.0 0.0
2842 causeway 1.0 0.0
2843 gentleman 1.0 0.0
2844 hetic 1.0 0.0
2845 draws 1.0 0.0
2846 smallville 1.0 0.0
2847 91074867 1.0 0.0
2848 subject 1.0 0.0
2849 hammer 1.0 0.0
2850 noodles 1.0 0.0
2851 fail 1.0 0.0
2852 tb 1.0 0.0
2853 ears 1.0 0.0
2854 90853276 1.0 0.0
2855 yunñy 1.0 0.0
2856 bay 1.0 0.0
2857 photostat 1.0 0.0
2858 officially 1.0 0.0
2859 covering 1.0 0.0
2860 assigned 1.0 0.0
2861 1627 1.0 0.0
2862 da 1.0 0.0
2863 13 1.0 0.0
2864 wide 1.0 0.0
2865 oct 1.0 0.0
2866 folder 1.0 0.0
2867 rich 1.0 0.0
2868 boleh 1.0 0.0
2869 odac 1.0 0.0
2870 lazing 1.0 0.0
2871 judges 1.0 0.0
2872 colors 1.0 0.0
2873 queen 1.0 0.0
2874 tequila 1.0 0.0
2875 insects 1.0 0.0
2876 definitely 1.0 0.0
2877 metal 1.0 0.0
2878 dom 1.0 0.0
2879 grave 1.0 0.0
2880 plenty 1.0 0.0
2881 arguing 1.0 0.0
2882 timah 1.0 0.0
2883 mohmd 1.0 0.0
2884 academy 1.0 0.0
2885 phoned 1.0 0.0
2886 causing 1.0 0.0
2887 responsible 1.0 0.0
2888 mohammad 1.0 0.0
2889 strength 1.0 0.0
2890 lancome 1.0 0.0
2891 tells 1.0 0.0
2892 mins 1.0 0.0
2893 stalls 1.0 0.0
2894 seed 1.0 0.0
2895 ming 1.0 0.0
2896 addidas 1.0 0.0
2897 ran 1.0 0.0
2898 bridge 1.0 0.0
2899 spoiled 1.0 0.0
2900 painful 1.0 0.0
2901 classes 1.0 0.0
2902 second 1.0 0.0
2903 frankly 1.0 0.0
2904 peril 1.0 0.0
2905 evil 1.0 0.0
2906 digi 1.0 0.0
2907 lavender 1.0 0.0
2908 weirdest 1.0 0.0
2909 dogs 1.0 0.0
2910 legs 1.0 0.0
2911 tom 1.0 0.0
2912 needed 1.0 0.0
2913 xie 1.0 0.0
2914 128mb 1.0 0.0
2915 thick 1.0 0.0
2916 nhs 1.0 0.0
2917 instruct 1.0 0.0
2918 fantasy 1.0 0.0
2919 primary 1.0 0.0
2920 user 1.0 0.0
2921 messaged 1.0 0.0
2922 levels 1.0 0.0
2923 renew 1.0 0.0
2924 atm 1.0 0.0
2925 knit 1.0 0.0
2926 mistress 1.0 0.0
2927 ntu 1.0 0.0
2928 interchange 1.0 0.0
2929 turning 1.0 0.0
2930 medicine 1.0 0.0
2931 john” 1.0 0.0
2932 godsister 1.0 0.0
2933 re 1.0 0.0
2934 rd 1.0 0.0
2935 jetflash 1.0 0.0
2936 35kg 1.0 0.0
2937 quality 1.0 0.0
2938 network 1.0 0.0
2939 rv 1.0 0.0
2940 celebrating 1.0 0.0
2941 january 1.0 0.0
2942 xroom 1.0 0.0
2943 laying 1.0 0.0
2944 directly 1.0 0.0
2945 financial 1.0 0.0
2946 signing 1.0 0.0
2947 bone 1.0 0.0
2948 375 1.0 0.0
2949 irregardless 1.0 0.0
2950 hereen 1.0 0.0
2951 jomis 1.0 0.0
2952 l 1.0 0.0
2953 potatoes 1.0 0.0
2954 cushioned 1.0 0.0
2955 bank 1.0 0.0
2956 roommate 1.0 0.0
2957 safe 1.0 0.0
2958 combination 1.0 0.0
2959 affected 1.0 0.0
2960 wales 1.0 0.0
2961 fade 1.0 0.0
2962 cantt 1.0 0.0
2963 writing 1.0 0.0
2964 howdy 1.0 0.0
2965 fit 1.0 0.0
2966 jacuzzi 1.0 0.0
2967 bleach 1.0 0.0
2968 muffin 1.0 0.0
2969 enter 1.0 0.0
2970 kuas 1.0 0.0
2971 wind 1.0 0.0
2972 peeling 1.0 0.0
2973 plumbing 1.0 0.0
2974 suggest 1.0 0.0
2975 maintain 1.0 0.0
2976 vegetables 1.0 0.0
2977 yunny 1.0 0.0
2978 wins 1.0 0.0
2979 6590957823 1.0 0.0
2980 meaningful 1.0 0.0
2981 law 1.0 0.0
2982 fujitsu 1.0 0.0
2983 lay 1.0 0.0
2984 mess 1.0 0.0
2985 aches 1.0 0.0
2986 utilise 1.0 0.0
2987 joans 1.0 0.0
2988 ens 1.0 0.0
2989 machine 1.0 0.0
2990 photocopy 1.0 0.0
2991 ok，see 1.0 0.0
2992 99853267 1.0 0.0
2993 yogasana 1.0 0.0
2994 yui 1.0 0.0
2995 attract 1.0 0.0
2996 cartel 1.0 0.0
2997 terok 1.0 0.0
2998 india 1.0 0.0
2999 calender 1.0 0.0
3000 smsglobal 1.0 0.0
3001 vodka 1.0 0.0
3002 sizzler 1.0 0.0
3003 gossiping 1.0 0.0
3004 penisula 1.0 0.0
3005 bungalow 1.0 0.0
3006 regrets 1.0 0.0
3007 mi 1.0 0.0
3008 shame 1.0 0.0
3009 intake 1.0 0.0
3010 94 1.0 0.0
3011 pouch 1.0 0.0
3012 hold 1.0 0.0
3013 lungs 1.0 0.0
3014 separated 1.0 0.0
3015 recommend 1.0 0.0
3016 typo 1.0 0.0
3017 lsm1301 1.0 0.0
3018 indians 1.0 0.0
3019 hospital 1.0 0.0
3020 jontin 1.0 0.0
3021 spoke 1.0 0.0
3022 dna 1.0 0.0
3023 sympathise 1.0 0.0
3024 dumpling 1.0 0.0
3025 unix 1.0 0.0
3026 mimi 1.0 0.0
3027 replace 1.0 0.0
3028 seven 1.0 0.0
3029 unic 1.0 0.0
3030 backout 1.0 0.0
3031 swan 1.0 0.0
3032 exeter 1.0 0.0
3033 cancellation 1.0 0.0
3034 cindy 1.0 0.0
3035 jogging 1.0 0.0
3036 ignoring 1.0 0.0
3037 jams 1.0 0.0
3038 dry 1.0 0.0
3039 bookwormlike 1.0 0.0
3040 103 1.0 0.0
3041 overprotective 1.0 0.0
3042 china 1.0 0.0
3043 reported 1.0 0.0
3044 hundreds 1.0 0.0
3045 mel 1.0 0.0
3046 mem 1.0 0.0
3047 aik 1.0 0.0
3048 junmei 1.0 0.0
3049 cheng 1.0 0.0
3050 hate 1.0 0.0
3051 jordon 1.0 0.0
3052 christ 1.0 0.0
3053 hide 1.0 0.0
3054 neo 1.0 0.0
3055 jìayin 1.0 0.0
3056 machines 1.0 0.0
3057 colourful 1.0 0.0
3058 n 1.0 0.0
3059 7th 1.0 0.0
3060 disi 1.0 0.0
3061 rusty 1.0 0.0
3062 nail 1.0 0.0
3063 calrie 1.0 0.0
3064 phones 1.0 0.0
3065 specially 1.0 0.0
3066 force 1.0 0.0
3067 10k 1.0 0.0
3068 crumpler 1.0 0.0
3069 samurai 1.0 0.0
3070 venue 1.0 0.0
3071 lanz 1.0 0.0
3072 wooden 1.0 0.0
3073 sommerset 1.0 0.0
3074 baking 1.0 0.0
3075 singtel 1.0 0.0
3076 kick 1.0 0.0
3077 jack 1.0 0.0
3078 jacs 1.0 0.0
3079 hilarious 1.0 0.0
3080 comm 1.0 0.0
3081 updated 1.0 0.0
3082 jenniffer 1.0 0.0
3083 6598941248 1.0 0.0
3084 teaching 1.0 0.0
3085 under 1.0 0.0
3086 s56 1.0 0.0
3087 scold 1.0 0.0
3088 poorest 1.0 0.0
3089 stinky 1.0 0.0
3090 barmed 1.0 0.0
3091 saved 1.0 0.0
3092 captain 1.0 0.0
3093 woods 1.0 0.0
3094 facilities 1.0 0.0
3095 augest 1.0 0.0

